 68.20000000	580.11000000	121.69000000	572.50000000	122.63000000	572.50000000	174.81000000	607.81000000	287.61000000	626.25000000	308.54000000	628.43000000	363.54000000	678.43000000	403.22000000	713.74000000	480.08000000	761.54000000	601.63000000	804.19000000	658.66000000	834.19000000	675.38000000	842.78000000	724.91000000	913.09000000	768.65000000	961.21000000	796.15000000	959.96000000	843.33000000	1112.13000000	852.70000000	1141.50000000	880.82000000	1153.37000000	930.51000000	1173.06000000	952.06000000	1230.86000000	998.31000000	1352.41000000	1029.56000000	1414.90000000	1039.87000000	1423.03000000	1160.48000000	1518.33000000	1178.91000000	1562.70000000	1214.22000000	1590.82000000	1249.61000000	1609.35000000	
284.87000000	252.51000000	298.09000000	257.24000000	422.46000000	369.72000000	569.31000000	377.22000000	743.04000000	486.58000000	825.53000000	605.32000000	947.39000000	695.30000000	1002.38000000	762.80000000	1034.25000000	755.30000000	1048.00000000	698.43000000	1060.81000000	686.40000000	1112.53000000	640.47000000	1217.67000000	615.16000000	1286.41000000	596.73000000	1377.65000000	569.23000000	1399.21000000	559.23000000	1562.31000000	474.55000000	1602.35000000	472.90000000	
1399.21000000	559.23000000	1379.21000000	440.81000000	1277.66000000	389.57000000	1203.29000000	350.51000000	1195.17000000	340.51000000	1077.99000000	260.21000000	1030.19000000	210.21000000	1046.12000000	175.53000000	1038.31000000	143.03000000	1038.62000000	142.09000000	1018.00000000	116.16000000	966.13000000	120.54000000	945.82000000	113.04000000	952.07000000	 93.98000000	949.26000000	 65.86000000	
735.23000000	266.46000000	766.78000000	233.33000000	866.46000000	211.78000000	901.14000000	180.53000000	934.58000000	152.72000000	945.82000000	113.04000000	
934.58000000	152.72000000	883.65000000	105.23000000	860.21000000	 65.86000000	
901.14000000	180.53000000	951.45000000	199.28000000	1030.19000000	210.21000000	
1277.66000000	389.57000000	1241.88000000	403.78000000	1192.75000000	460.96000000	1132.36000000	472.84000000	
401.38000000	162.01000000	609.23000000	332.07000000	652.66000000	367.22000000	733.28000000	424.09000000	767.58000000	448.54000000	812.88000000	462.44000000	904.75000000	444.95000000	1081.91000000	465.02000000	
904.75000000	444.95000000	949.74000000	487.12000000	986.14000000	538.52000000	980.21000000	603.20000000	937.09000000	698.92000000	
986.14000000	538.52000000	1054.10000000	533.34000000	1128.00000000	543.99000000	1086.29000000	603.05000000	1064.57000000	575.55000000	1054.10000000	533.34000000	
 42.68000000	1107.05000000	102.05000000	1185.16000000	103.30000000	1185.16000000	144.86000000	1199.23000000	122.28000000	1270.74000000	
 50.18000000	930.82000000	135.18000000	991.60000000	249.54000000	1066.28000000	346.72000000	1123.06000000	431.07000000	1147.51000000	492.64000000	1236.26000000	627.00000000	1269.38000000	674.49000000	1275.94000000	705.61000000	1329.68000000	786.35000000	1355.62000000	931.02000000	1382.80000000	
160.12000000	1330.33000000	215.65000000	1330.06000000	267.20000000	1398.57000000	324.23000000	1411.22000000	302.36000000	1428.72000000	282.67000000	1444.27000000	250.93000000	1447.97000000	
428.68000000	1590.35000000	439.37000000	1571.44000000	435.00000000	1543.87000000	371.26000000	1473.01000000	358.45000000	1438.96000000	302.36000000	1428.72000000	
358.45000000	1438.96000000	426.88000000	1434.58000000	462.50000000	1406.77000000	508.74000000	1391.46000000	526.24000000	1370.84000000	546.55000000	1355.21000000	582.17000000	1330.53000000	627.00000000	1269.38000000	
144.86000000	1199.23000000	187.21000000	1186.48000000	283.77000000	1209.60000000	358.45000000	1235.23000000	382.51000000	1283.34000000	519.37000000	1354.17000000	572.48000000	1390.83000000	611.23000000	1394.58000000	655.60000000	1397.71000000	705.61000000	1329.68000000	
655.60000000	1397.71000000	712.47000000	1460.86000000	783.54000000	1490.28000000	
786.35000000	1355.62000000	790.24000000	1393.02000000	819.14000000	1428.02000000	861.34000000	1457.17000000	
611.23000000	1394.58000000	609.64000000	1465.20000000	627.14000000	1519.10000000	629.33000000	1520.81000000	683.85000000	1528.47000000	701.35000000	1555.97000000	748.54000000	1574.34000000	
746.04000000	1667.14000000	807.28000000	1655.95000000	872.17000000	1608.15000000	937.58000000	1522.85000000	
 35.04000000	789.19000000	 50.18000000	815.75000000	116.28000000	832.93000000	158.77000000	847.62000000	270.01000000	947.29000000	530.91000000	1101.65000000	547.16000000	1138.83000000	694.02000000	1202.89000000	728.70000000	1202.89000000	850.88000000	1266.01000000	
766.20000000	1134.46000000	749.33000000	1177.58000000	728.70000000	1202.89000000	
674.49000000	1275.94000000	699.96000000	1243.82000000	694.02000000	1202.89000000	
431.07000000	1147.51000000	513.11000000	1150.40000000	547.16000000	1138.83000000	
931.02000000	1382.80000000	989.93000000	1482.54000000	1093.66000000	1647.52000000	1092.69000000	1675.48000000	
1439.56000000	1442.55000000	1442.99000000	1415.37000000	1471.74000000	1370.68000000	1492.68000000	1306.63000000	
1332.07000000	1351.31000000	1396.44000000	1290.38000000	1414.25000000	1286.32000000	1454.87000000	1276.32000000	
1039.87000000	1423.03000000	1053.66000000	1416.30000000	1173.96000000	1313.82000000	1225.52000000	1292.26000000	1250.20000000	1239.14000000	1208.25000000	1197.04000000	1161.62000000	1152.98000000	1117.72000000	1161.26000000	1025.03000000	1105.90000000	968.34000000	1070.83000000	934.59000000	1043.80000000	856.63000000	982.87000000	830.54000000	960.84000000	822.41000000	960.37000000	792.89000000	917.56000000	772.11000000	888.97000000	726.33000000	824.92000000	715.08000000	799.61000000	683.84000000	731.49000000	628.06000000	709.31000000	540.41000000	676.81000000	444.33000000	669.47000000	363.54000000	678.43000000	
1250.20000000	1239.14000000	1393.47000000	1168.67000000	1463.73000000	1140.35000000	1475.14000000	1128.16000000	1525.29000000	1123.06000000	1569.66000000	1123.06000000	1659.69000000	1122.71000000	
1569.66000000	1123.06000000	1477.68000000	998.18000000	1453.73000000	969.75000000	1399.99000000	923.50000000	1390.93000000	917.25000000	1357.64000000	860.38000000	1218.14000000	822.58000000	1205.64000000	803.20000000	1192.83000000	782.58000000	1077.22000000	653.54000000	
792.89000000	917.56000000	813.03000000	885.23000000	819.75000000	846.79000000	836.31000000	832.57000000	871.93000000	820.23000000	1016.44000000	786.64000000	1192.83000000	782.58000000	
843.33000000	1112.13000000	879.42000000	1106.91000000	895.36000000	1105.35000000	1027.53000000	1033.10000000	1057.21000000	982.87000000	
930.51000000	1173.06000000	938.40000000	1170.58000000	986.13000000	1135.35000000	1025.03000000	1105.90000000	
952.06000000	1230.86000000	977.77000000	1214.24000000	1001.12000000	1217.37000000	1038.93000000	1237.06000000	
1208.25000000	1197.04000000	1331.55000000	1131.60000000	1394.98000000	1116.45000000	1434.04000000	1087.70000000	1441.38000000	1069.58000000	1423.10000000	984.90000000	1399.99000000	923.50000000	
123.89000000	471.68000000	150.45000000	453.56000000	210.44000000	423.87000000	268.25000000	414.50000000	297.93000000	416.37000000	375.11000000	419.81000000	410.42000000	430.43000000	421.35000000	449.50000000	511.97000000	446.06000000	586.02000000	481.05000000	634.14000000	481.68000000	692.57000000	481.68000000	776.31000000	521.36000000	776.31000000	518.76000000	
634.14000000	481.68000000	629.77000000	610.10000000	646.02000000	701.31000000	643.52000000	751.96000000	658.66000000	834.19000000	
308.54000000	628.43000000	292.94000000	570.42000000	286.69000000	491.68000000	
1453.73000000	969.75000000	1481.71000000	955.21000000	1508.58000000	941.15000000	1539.82000000	891.47000000	1562.63000000	820.54000000	1614.50000000	813.04000000	1661.69000000	751.80000000	1690.08000000	728.42000000	
1447.65000000	871.48000000	1457.96000000	902.42000000	1481.71000000	955.21000000	
1021.77000000	895.07000000	1096.14000000	895.07000000	1151.75000000	857.74000000	1205.64000000	803.20000000	
733.28000000	424.09000000	713.68000000	312.54000000	719.31000000	266.46000000	
652.66000000	367.22000000	633.06000000	294.21000000	629.63000000	234.22000000	636.97000000	202.82000000	
634.79000000	 55.39000000	638.22000000	 67.06000000	619.79000000	133.61000000	560.11000000	186.42000000	585.41000000	234.54000000	609.23000000	332.07000000	
750.08000000	 28.94000000	744.15000000	 62.37000000	755.08000000	 94.55000000	764.77000000	124.86000000	795.08000000	185.17000000	792.02000000	185.17000000	
755.08000000	 94.55000000	748.21000000	123.93000000	739.15000000	180.53000000	739.40000000	180.53000000	
1108.95000000	166.05000000	1163.78000000	189.75000000	1164.79000000	189.75000000	
1060.81000000	686.40000000	928.03000000	690.93000000
1086.29000000	603.05000000	1112.53000000	640.47000000
637.06000000	1679.49000000	664.16000000	1662.60000000
324.23000000	1411.22000000	382.51000000	1283.34000000
1093.66000000	1647.52000000	1115.80000000	1667.36000000
1592.66000000	1223.20000000	1614.44000000	1238.16000000
1414.25000000	1286.32000000	1423.62000000	1434.11000000
856.63000000	982.87000000	919.73000000	895.06000000
879.42000000	1106.91000000	880.82000000	1153.37000000
1117.72000000	1161.26000000	1107.98000000	1257.68000000
772.11000000	888.97000000	763.81000000	976.93000000
116.08000000	557.92000000	116.70000000	478.24000000
174.81000000	607.81000000	187.95000000	521.36000000
297.93000000	416.37000000	299.66000000	489.18000000
675.38000000	842.78000000	715.08000000	799.61000000
1569.66000000	739.94000000	1688.87000000	738.69000000
1475.14000000	1128.16000000	1441.38000000	1069.58000000
1286.41000000	596.73000000	1192.83000000	502.63000000
1217.67000000	615.16000000	1215.65000000	549.68000000