1485.81000000	3302.02000000	1712.89000000	3269.73000000	1716.02000000	3269.73000000	1889.98000000	3387.44000000	2266.02000000	3448.90000000	2335.81000000	3456.19000000	2519.15000000	3622.86000000	2651.44000000	3740.57000000	2907.69000000	3899.94000000	3312.91000000	4042.13000000	3503.02000000	4142.13000000	3558.75000000	4170.78000000	3723.87000000	4405.16000000	3869.70000000	4565.57000000	3961.37000000	4561.41000000	4118.66000000	5068.70000000	4149.91000000	5166.62000000	4243.66000000	5206.20000000	4409.29000000	5271.83000000	4481.16000000	5464.54000000	4635.33000000	5869.75000000	4739.50000000	6078.08000000	4773.87000000	6105.17000000	5175.96000000	6422.88000000	5237.42000000	6570.80000000	5355.13000000	6664.55000000	5510.33000000	6745.80000000	5708.25000000	6766.63000000	5804.09000000	6827.05000000	5833.25000000	6940.59000000	
1461.40000000	1918.70000000	2300.98000000	2218.70000000	2715.57000000	2593.70000000	3205.15000000	2618.70000000	3784.32000000	2983.28000000	4059.32000000	3379.12000000	4465.57000000	3679.12000000	4648.91000000	3904.12000000	4755.16000000	3879.12000000	4800.99000000	3689.54000000	4843.70000000	3649.43000000	5016.10000000	3496.31000000	5366.63000000	3411.94000000	5595.80000000	3350.48000000	5899.96000000	3258.81000000	5971.84000000	3225.48000000	6515.59000000	2943.19000000	7018.72000000	2922.35000000	
5971.84000000	3225.48000000	5905.16000000	2830.69000000	5566.61000000	2659.86000000	5318.69000000	2529.65000000	5291.61000000	2496.31000000	4900.98000000	2228.61000000	4741.61000000	2061.94000000	4794.73000000	1946.31000000	4768.69000000	1837.98000000	4769.73000000	1834.85000000	4700.98000000	1748.39000000	4528.06000000	1762.98000000	4460.35000000	1737.98000000	4481.19000000	1674.43000000	4471.81000000	1580.69000000	
3758.28000000	2249.44000000	3863.48000000	2139.02000000	4195.78000000	2067.15000000	4311.40000000	1962.98000000	4422.86000000	1870.27000000	4460.35000000	1737.98000000	
4422.86000000	1870.27000000	4253.07000000	1711.94000000	4174.94000000	1580.69000000	
4311.40000000	1962.98000000	4479.11000000	2025.48000000	4741.61000000	2061.94000000	
5566.61000000	2659.86000000	5447.35000000	2707.25000000	5283.54000000	2897.88000000	5082.23000000	2937.46000000	
1476.47000000	1626.52000000	2025.43000000	1699.43000000	2170.23000000	1718.70000000	2503.06000000	1784.84000000	3338.24000000	2468.19000000	3483.03000000	2585.37000000	3751.79000000	2774.95000000	3866.12000000	2856.46000000	4017.16000000	2902.81000000	4323.41000000	2844.48000000	4914.04000000	2911.41000000	
4323.41000000	2844.48000000	4473.41000000	2985.09000000	4594.77000000	3156.44000000	4574.98000000	3372.07000000	4431.24000000	3691.17000000	
4594.77000000	3156.44000000	4821.33000000	3139.18000000	5067.70000000	3174.68000000	4928.63000000	3371.56000000	4856.23000000	3279.89000000	4821.33000000	3139.18000000	
1581.76000000	7151.78000000	1522.39000000	6913.23000000	1471.34000000	6722.61000000	
1522.39000000	6913.23000000	2007.81000000	6859.07000000	2177.60000000	6819.48000000	2551.56000000	6826.78000000	2634.89000000	6842.40000000	2704.69000000	6855.94000000	2968.23000000	6969.48000000	3171.35000000	6989.28000000	3289.06000000	7048.65000000	3521.35000000	6903.86000000	
1449.49000000	5051.77000000	1647.41000000	5312.19000000	1651.57000000	5312.19000000	1790.12000000	5359.07000000	1666.16000000	5751.78000000	1657.82000000	5920.52000000	1641.16000000	6394.48000000	1779.70000000	6662.19000000	2154.70000000	6940.59000000	2705.74000000	7017.41000000	2744.29000000	7125.74000000	
1809.91000000	6508.04000000	1974.49000000	6671.58000000	2119.28000000	6765.33000000	2177.60000000	6819.48000000	
1449.49000000	6114.28000000	1551.57000000	6262.20000000	1672.41000000	6312.20000000	
1474.50000000	4464.28000000	1757.87000000	4666.89000000	2139.12000000	4915.85000000	2463.08000000	5105.16000000	2744.29000000	5186.68000000	2949.54000000	5482.52000000	3397.46000000	5592.93000000	3555.80000000	5614.81000000	3659.53000000	5793.98000000	3928.71000000	5880.44000000	4411.00000000	5971.06000000	
4635.33000000	5869.75000000	4398.50000000	5954.39000000	4352.67000000	5990.85000000	4178.71000000	6218.98000000	3999.55000000	6313.77000000	3919.34000000	6329.39000000	3802.67000000	6609.60000000	3794.34000000	6918.98000000	3969.34000000	7108.56000000	4055.80000000	7117.94000000	4275.59000000	6860.65000000	4425.59000000	6772.11000000	4509.96000000	7143.98000000	
1474.50000000	5698.89000000	1562.57000000	5780.93000000	1696.95000000	5796.81000000	2026.13000000	5795.25000000	2198.00000000	6023.63000000	2388.11000000	6065.82000000	2315.19000000	6124.15000000	2249.57000000	6175.98000000	1930.30000000	6213.24000000	1657.82000000	5920.52000000	
2634.89000000	6842.40000000	2771.97000000	6599.94000000	2757.39000000	6508.04000000	2544.89000000	6271.81000000	2502.18000000	6158.27000000	2315.19000000	6124.15000000	
2502.18000000	6158.27000000	2730.31000000	6143.69000000	2849.06000000	6050.98000000	3003.22000000	5999.93000000	3061.56000000	5931.19000000	3129.27000000	5879.10000000	3248.02000000	5796.81000000	3397.46000000	5592.93000000	
1790.12000000	5359.07000000	1931.31000000	5316.59000000	2253.22000000	5393.67000000	2502.18000000	5479.09000000	2582.39000000	5639.50000000	3038.65000000	5875.60000000	3215.73000000	5997.84000000	3344.89000000	6010.34000000	3492.81000000	6020.76000000	3659.53000000	5793.98000000	
3492.81000000	6020.76000000	3682.40000000	6231.31000000	3919.34000000	6329.39000000	
3928.71000000	5880.44000000	3941.67000000	6005.13000000	4038.03000000	6121.80000000	4178.71000000	6218.98000000	
3344.89000000	6010.34000000	3339.61000000	6245.76000000	3397.94000000	6425.44000000	3405.24000000	6431.17000000	3587.01000000	6456.69000000	3645.34000000	6548.36000000	3802.67000000	6609.60000000	
3794.34000000	6918.98000000	3998.48000000	6881.69000000	4214.83000000	6722.32000000	4432.86000000	6437.94000000	
1424.02000000	3992.10000000	1474.50000000	4080.65000000	1694.85000000	4137.94000000	1836.52000000	4186.90000000	2207.35000000	4519.19000000	3077.15000000	5033.78000000	3131.32000000	5157.74000000	3620.91000000	5371.28000000	3736.53000000	5371.28000000	4143.82000000	5581.70000000	
3861.53000000	5143.15000000	3805.28000000	5286.90000000	3736.53000000	5371.28000000	
3555.80000000	5614.81000000	3640.70000000	5507.74000000	3620.91000000	5371.28000000	
2744.29000000	5186.68000000	3017.79000000	5196.28000000	3131.32000000	5157.74000000	
4411.00000000	5971.06000000	4607.39000000	6303.57000000	4953.22000000	6853.57000000	4943.85000000	7122.33000000	
7006.35000000	6569.20000000	6319.89000000	6561.91000000	5833.25000000	6940.59000000	5512.60000000	7143.98000000	
6991.76000000	5525.45000000	6923.01000000	5761.91000000	6752.18000000	5916.08000000	6641.76000000	6018.16000000	
6752.18000000	5916.08000000	6965.72000000	6265.04000000	7006.35000000	6326.50000000	
6616.76000000	5439.00000000	6769.88000000	5544.20000000	6991.76000000	5609.83000000	7019.88000000	5649.41000000	
6106.34000000	6170.26000000	6117.80000000	6079.63000000	6213.63000000	5930.67000000	6283.43000000	5717.13000000	
5748.01000000	5866.09000000	5962.59000000	5662.96000000	6021.97000000	5649.41000000	6157.39000000	5616.09000000	
4773.87000000	6105.17000000	4819.87000000	6082.76000000	5220.92000000	5741.09000000	5392.80000000	5669.22000000	5475.09000000	5492.13000000	5335.23000000	5351.78000000	5179.76000000	5204.91000000	5033.41000000	5232.51000000	4724.41000000	5047.94000000	4535.41000000	4931.02000000	4422.90000000	4840.92000000	4163.00000000	4637.79000000	4076.02000000	4564.35000000	4048.94000000	4562.79000000	3950.50000000	4420.08000000	3881.23000000	4324.76000000	3728.62000000	4111.22000000	3691.12000000	4026.84000000	3586.95000000	3799.76000000	3401.01000000	3725.80000000	3108.82000000	3617.46000000	2788.50000000	3592.98000000	2519.15000000	3622.86000000	
5475.09000000	5492.13000000	5952.70000000	5257.22000000	6186.95000000	5162.79000000	6224.97000000	5122.17000000	6392.16000000	5105.16000000	6540.08000000	5105.16000000	6991.76000000	5103.41000000	
6540.08000000	5105.16000000	6233.43000000	4688.83000000	6153.60000000	4594.04000000	5974.44000000	4439.87000000	5944.23000000	4419.04000000	5833.25000000	4229.45000000	5368.18000000	4103.41000000	5326.52000000	4038.83000000	5283.81000000	3970.08000000	4898.39000000	3539.87000000	
3950.50000000	4420.08000000	4017.65000000	4312.27000000	4040.04000000	4184.14000000	4095.25000000	4136.74000000	4214.00000000	4095.60000000	4695.78000000	3983.62000000	5283.81000000	3970.08000000	
4118.66000000	5068.70000000	4238.99000000	5051.33000000	4292.11000000	5046.12000000	4732.74000000	4805.24000000	4831.70000000	4637.79000000	
4409.29000000	5271.83000000	4435.60000000	5263.57000000	4594.72000000	5146.12000000	4724.41000000	5047.94000000	
4481.16000000	5464.54000000	4566.85000000	5409.14000000	4644.71000000	5419.56000000	4770.76000000	5485.19000000	
5335.23000000	5351.78000000	5746.28000000	5133.62000000	5957.74000000	5083.10000000	6087.95000000	4987.26000000	6112.43000000	4926.85000000	6051.49000000	4644.55000000	5974.44000000	4439.87000000	
1720.22000000	2933.60000000	1808.77000000	2873.19000000	2008.77000000	2774.23000000	2201.48000000	2742.98000000	2300.44000000	2749.23000000	2557.73000000	2760.69000000	2675.44000000	2796.10000000	2711.90000000	2859.65000000	3013.98000000	2848.19000000	3260.86000000	2964.85000000	3421.28000000	2966.94000000	3616.07000000	2966.94000000	3895.24000000	3099.23000000	3895.24000000	3090.57000000	
3421.28000000	2966.94000000	3406.71000000	3395.07000000	3460.88000000	3699.15000000	3452.54000000	3867.99000000	3503.02000000	4142.13000000	
2335.81000000	3456.19000000	2283.79000000	3262.78000000	2262.96000000	3000.28000000	
6153.60000000	4594.04000000	6246.86000000	4545.59000000	6336.44000000	4498.72000000	6440.61000000	4333.09000000	6516.65000000	4096.63000000	6689.57000000	4071.63000000	6846.87000000	3867.47000000	7006.24000000	3736.22000000	
6133.33000000	4266.45000000	6167.71000000	4369.58000000	6246.86000000	4545.59000000	
4713.54000000	4345.07000000	4961.46000000	4345.07000000	5146.88000000	4220.63000000	5326.52000000	4038.83000000	
3751.79000000	2774.95000000	3686.45000000	2403.08000000	3705.20000000	2249.44000000	
3483.03000000	2585.37000000	3417.69000000	2341.98000000	3406.23000000	2141.98000000	3430.71000000	2037.29000000	
3390.09000000	1432.61000000	3434.89000000	1584.69000000	3373.43000000	1806.57000000	3174.47000000	1982.61000000	3258.84000000	2143.03000000	3338.24000000	2468.19000000	
1783.84000000	1407.61000000	2014.05000000	1531.56000000	2225.51000000	1469.06000000	
2815.09000000	1419.06000000	2722.39000000	1519.06000000	2716.14000000	1806.57000000	
3807.80000000	1457.61000000	3788.01000000	1569.07000000	3824.47000000	1676.36000000	3856.76000000	1777.40000000	3957.80000000	1978.44000000	3947.62000000	1978.44000000	
3824.47000000	1676.36000000	3801.55000000	1774.28000000	3771.34000000	1962.98000000	3772.18000000	1962.98000000	
5639.07000000	1426.36000000	5894.28000000	1698.24000000	6267.19000000	1977.40000000	6624.49000000	2063.86000000	6711.99000000	2085.74000000	6746.36000000	2128.44000000	6932.82000000	2389.91000000	6940.11000000	2403.08000000	
6792.20000000	2152.41000000	6776.57000000	2249.28000000	6773.44000000	2533.65000000	6805.74000000	2782.61000000	6890.11000000	2898.24000000	6940.11000000	2953.45000000	6992.20000000	3000.32000000	
6805.74000000	2782.61000000	6903.65000000	2798.24000000	6992.20000000	2791.99000000	
6624.49000000	2063.86000000	6558.87000000	1918.70000000	6317.20000000	1707.62000000	6183.87000000	1445.11000000	
6365.12000000	1445.11000000	6440.12000000	1611.79000000	6902.62000000	1938.87000000	6746.36000000	2128.44000000	
6992.20000000	1580.69000000	6902.62000000	1754.49000000	6902.62000000	1938.87000000	
5004.17000000	1914.72000000	5186.98000000	1993.71000000	5190.34000000	1993.71000000	
4843.70000000	3649.43000000	4401.02000000	3664.52000000
4928.63000000	3371.56000000	5016.10000000	3496.31000000
2388.11000000	6065.82000000	2582.39000000	5639.50000000
4953.22000000	6853.57000000	5277.19000000	7143.98000000
6021.97000000	5649.41000000	6053.22000000	6142.13000000
4163.00000000	4637.79000000	4373.37000000	4345.07000000
4238.99000000	5051.33000000	4243.66000000	5206.20000000
5033.41000000	5232.51000000	5000.96000000	5553.94000000
3881.23000000	4324.76000000	3853.56000000	4617.98000000
1694.19000000	3221.11000000	1696.27000000	2955.48000000
1889.98000000	3387.44000000	1933.80000000	3099.23000000
2300.44000000	2749.23000000	2306.20000000	2991.94000000
3558.75000000	4170.78000000	3691.12000000	4026.84000000
6540.08000000	3827.91000000	6937.50000000	3823.74000000
6224.97000000	5122.17000000	6112.43000000	4926.85000000
2014.05000000	1531.56000000	2025.43000000	1699.43000000
4843.23000000	1445.11000000	4985.94000000	1423.24000000
6267.19000000	1977.40000000	6365.12000000	1707.62000000
5595.80000000	3350.48000000	5283.81000000	3036.79000000
5366.63000000	3411.94000000	5359.89000000	3193.64000000