 46.89000000	991.12000000	 54.70000000	959.88000000	 77.51000000	869.59000000	 99.07000000	745.54000000	101.72000000	522.93000000	 89.85000000	499.73000000	184.68000000	326.32000000	187.96000000	272.58000000	228.58000000	108.86000000	247.33000000	 17.00000000	
390.52000000	1493.92000000	380.69000000	1684.20000000	310.70000000	1668.74000000	265.71000000	1556.88000000	270.09000000	1363.78000000	298.37000000	1321.13000000	251.98000000	1183.66000000	260.92000000	1057.00000000	235.69000000	1037.01000000	178.20000000	1004.82000000	169.45000000	968.43000000	207.42000000	793.85000000	175.24000000	740.74000000	 99.07000000	745.54000000	
488.15000000	1710.56000000	544.70000000	1662.13000000	576.57000000	1594.95000000	593.75000000	1495.60000000	698.74000000	1367.18000000	727.79000000	1282.67000000	751.54000000	1242.67000000	753.73000000	1185.65000000	757.48000000	1106.61000000	763.75000000	988.97000000	791.03000000	790.37000000	837.70000000	569.04000000	863.96000000	338.19000000	931.13000000	239.22000000	937.30000000	172.05000000	945.73000000	 15.44000000	
410.53000000	908.56000000	394.90000000	1036.67000000	382.41000000	1144.77000000	358.66000000	1319.12000000	355.54000000	1497.21000000	390.52000000	1493.92000000	593.75000000	1495.60000000	
954.43000000	1739.39000000	978.80000000	1632.84000000	955.36000000	1570.98000000	974.11000000	1534.11000000	959.66000000	1438.50000000	958.65000000	1391.01000000	959.89000000	1348.20000000	888.34000000	1308.52000000	919.28000000	1236.35000000	931.77000000	1205.11000000	935.21000000	1122.62000000	984.89000000	1047.64000000	999.57000000	996.71000000	1013.63000000	947.34000000	1063.00000000	783.62000000	1123.61000000	725.82000000	1078.62000000	549.29000000	1048.63000000	447.75000000	1044.56000000	369.32000000	1026.44000000	231.23000000	1071.12000000	195.29000000	
937.30000000	172.05000000	1026.44000000	231.23000000	1020.19000000	483.68000000	996.45000000	523.05000000	945.73000000	574.91000000	888.34000000	638.03000000	880.22000000	727.07000000	911.31000000	790.34000000	
945.73000000	574.91000000	1075.19000000	573.98000000	1148.31000000	565.54000000	
235.69000000	1037.01000000	331.42000000	955.00000000	352.83000000	940.32000000	410.53000000	908.56000000	557.95000000	835.34000000	579.82000000	827.84000000	676.05000000	802.53000000	704.17000000	796.28000000	760.10000000	775.97000000	
464.22000000	449.79000000	432.66000000	371.99000000	462.97000000	317.94000000	534.52000000	147.96000000	675.04000000	172.41000000	750.66000000	284.78000000	713.48000000	360.70000000	702.47000000	531.53000000	699.50000000	587.30000000	745.43000000	642.91000000	837.70000000	569.04000000	
462.97000000	317.94000000	458.30000000	295.09000000	464.24000000	219.79000000	424.56000000	206.04000000	327.07000000	408.82000000	303.95000000	593.15000000	313.25000000	731.88000000	327.07000000	759.77000000	375.66000000	796.79000000	567.85000000	830.65000000	512.01000000	919.16000000	493.74000000	995.08000000	691.68000000	1226.92000000	753.73000000	1185.65000000	
313.25000000	731.88000000	264.12000000	726.22000000	271.15000000	877.29000000	350.04000000	955.56000000	396.91000000	993.99000000	493.74000000	995.08000000	
 39.64000000	1371.03000000	131.03000000	1367.98000000	223.28000000	1299.24000000	247.57000000	1311.90000000	270.09000000	1363.78000000	
134.95000000	1722.54000000	131.51000000	1623.49000000	152.45000000	1625.05000000	
576.57000000	1594.95000000	613.61000000	1614.74000000	678.29000000	1491.96000000	728.59000000	1444.46000000	728.59000000	1438.84000000	797.95000000	1307.62000000	751.54000000	1242.67000000	
839.75000000	1672.47000000	907.55000000	1672.78000000	954.43000000	1739.39000000	
1015.35000000	1710.56000000	1017.85000000	1648.09000000	1017.53000000	1624.04000000	1034.09000000	1591.54000000	1052.22000000	1553.74000000	1015.66000000	1534.05000000	959.66000000	1438.50000000	
1052.22000000	1553.74000000	1108.77000000	1584.04000000	1170.94000000	1666.84000000	
1123.61000000	1710.56000000	1130.64000000	1683.40000000	1177.81000000	1654.03000000	1234.68000000	1657.78000000	1230.30000000	1692.15000000	
1234.68000000	1657.78000000	1314.35000000	1532.49000000	1338.10000000	1455.63000000	1322.95000000	1375.72000000	1288.64000000	1329.81000000	1270.51000000	1304.50000000	1163.19000000	1253.72000000	1153.03000000	1181.78000000	1167.55000000	998.22000000	1200.51000000	984.17000000	1191.45000000	924.64000000	1182.39000000	872.15000000	1158.02000000	835.44000000	1154.12000000	776.55000000	1063.00000000	783.62000000	
999.57000000	996.71000000	1011.95000000	1129.84000000	1045.07000000	1238.88000000	1035.69000000	1325.74000000	1034.44000000	1368.86000000	1034.91000000	1388.23000000	1034.13000000	1499.62000000	1066.63000000	1572.73000000	1066.14000000	1572.73000000	
1314.35000000	1532.49000000	1314.08000000	1479.15000000	1305.34000000	1425.41000000	1250.97000000	1379.87000000	1188.48000000	1369.17000000	1142.24000000	1364.80000000	1075.53000000	1382.14000000	1034.91000000	1388.23000000	
1188.48000000	1369.17000000	1203.48000000	1314.03000000	1238.94000000	1276.54000000	1259.25000000	1248.73000000	1311.58000000	1181.40000000	1338.10000000	1147.34000000	1386.26000000	1053.60000000	1478.58000000	855.52000000	1517.01000000	827.55000000	1561.06000000	796.62000000	
1075.53000000	1382.14000000	1110.91000000	1297.39000000	1111.22000000	1265.21000000	1163.19000000	1253.72000000	
1386.64000000	1698.72000000	1451.94000000	1591.24000000	1484.12000000	1537.50000000	1473.97000000	1481.41000000	1500.52000000	1391.28000000	1490.13000000	1334.49000000	1468.89000000	1304.42000000	1450.53000000	1274.11000000	1472.56000000	1196.32000000	1477.40000000	1125.63000000	1473.18000000	1090.63000000	1496.69000000	899.34000000	1517.01000000	827.55000000	
1275.64000000	1710.56000000	1317.20000000	1658.96000000	1377.26000000	1649.96000000	1377.32000000	1649.96000000	1383.51000000	1606.49000000	1387.88000000	1578.37000000	1394.13000000	1538.76000000	1338.10000000	1455.63000000	
1044.56000000	369.32000000	1120.09000000	369.47000000	1149.61000000	393.99000000	1085.56000000	457.73000000	1048.63000000	447.75000000	
1149.61000000	393.99000000	1389.80000000	428.83000000	1426.75000000	497.10000000	1435.50000000	574.91000000	1415.50000000	615.83000000	1415.81000000	661.13000000	
633.77000000	 23.75000000	732.04000000	 42.58000000	788.44000000	130.61000000	633.77000000	 23.75000000	534.52000000	147.96000000	
788.44000000	130.61000000	844.92000000	221.53000000	781.18000000	345.88000000	702.47000000	531.53000000	
844.92000000	221.53000000	753.73000000	204.35000000	726.67000000	159.04000000	
757.48000000	1106.61000000	812.60000000	1089.81000000	853.22000000	1042.63000000	891.64000000	1064.66000000	935.21000000	1122.62000000	
1013.63000000	947.34000000	915.08000000	930.31000000	824.22000000	832.97000000	791.03000000	790.37000000	
1383.51000000	1606.49000000	1407.49000000	1610.81000000	1422.80000000	1629.55000000	1441.86000000	1633.61000000	1512.16000000	1631.74000000	1536.84000000	1654.03000000	1546.53000000	1657.78000000	1587.15000000	1657.78000000	
1565.55000000	1511.99000000	1555.75000000	1532.77000000	1530.21000000	1541.52000000	1512.16000000	1631.74000000	
1484.12000000	1537.50000000	1523.65000000	1522.31000000	1573.01000000	1429.20000000	1561.06000000	1364.80000000	
1259.25000000	1248.73000000	1379.61000000	1259.54000000	1412.42000000	1267.04000000	1450.53000000	1274.11000000	
1288.64000000	1329.81000000	1393.05000000	1334.53000000	1417.42000000	1291.41000000	1412.42000000	1267.04000000	
1473.18000000	1090.63000000	1505.84000000	1135.35000000	1508.65000000	1174.40000000	1506.46000000	1261.42000000	1468.89000000	1304.42000000	
1478.58000000	855.52000000	1447.25000000	770.73000000	1470.21000000	719.33000000	1531.45000000	657.47000000	1540.20000000	468.44000000	1555.98000000	394.70000000	
1158.02000000	835.44000000	1093.25000000	927.26000000	1013.63000000	927.26000000	
1267.28000000	909.14000000	1313.21000000	985.06000000	1386.26000000	1053.60000000	
1130.64000000	1683.40000000	1058.56000000	1635.89000000	1034.09000000	1591.54000000	
1354.44000000	369.32000000	1368.81000000	343.94000000	1384.75000000	266.45000000	1476.92000000	184.28000000	1550.66000000	100.86000000	
1556.28000000	288.33000000	1516.29000000	231.78000000	1476.30000000	164.29000000	
1441.92000000	323.01000000	1440.99000000	267.08000000	1492.85000000	158.97000000	
1384.75000000	266.45000000	1462.55000000	118.98000000	1462.86000000	 34.31000000	
228.58000000	108.86000000	310.91000000	 24.50000000
187.96000000	272.58000000	 82.52000000	332.58000000
 27.61000000	521.14000000	 89.85000000	499.73000000
745.43000000	642.91000000	676.05000000	802.53000000
691.68000000	1226.92000000	698.74000000	1367.18000000
303.95000000	593.15000000	178.98000000	515.01000000
298.37000000	1321.13000000	358.66000000	1319.12000000
797.95000000	1307.62000000	888.34000000	1308.52000000
869.27000000	1379.87000000	958.65000000	1391.01000000
928.80000000	1485.94000000	955.36000000	1570.98000000
1045.07000000	1238.88000000	1153.03000000	1181.78000000
1435.50000000	574.91000000	1493.61000000	611.14000000
781.18000000	345.88000000	863.96000000	338.19000000
327.07000000	408.82000000	318.46000000	303.39000000
891.64000000	1064.66000000	984.89000000	1047.64000000
763.75000000	988.97000000	853.22000000	1042.63000000
1485.33000000	1710.56000000	1547.47000000	1654.03000000
1528.72000000	1715.79000000	1543.72000000	1649.24000000
1409.06000000	1710.56000000	1429.52000000	1621.27000000
1573.01000000	1429.20000000	1597.70000000	1434.19000000
1387.88000000	1578.37000000	1473.97000000	1481.41000000
1506.46000000	1261.42000000	1551.46000000	1304.42000000
1578.95000000	1200.81000000	1508.65000000	1174.40000000
1129.49000000	967.34000000	1191.45000000	924.64000000
919.28000000	1236.35000000	1035.69000000	1325.74000000
977.48000000	1414.68000000	1034.44000000	1368.86000000
1058.56000000	1635.89000000	1017.85000000	1648.09000000