6568.11000000	3981.60000000	8324.95000000	3627.07000000	9198.08000000	3325.44000000	10362.23000000	3314.85000000	12045.01000000	2505.23000000	12526.72000000	2404.50000000	12627.07000000	2383.51000000	
9192.79000000	1732.63000000	9180.81000000	1772.23000000	8949.39000000	2536.98000000	9198.08000000	3325.44000000	
7285.01000000	201.14000000	7285.01000000	201.14000000	6695.14000000	1576.53000000	6279.75000000	2383.51000000	6192.45000000	3095.24000000	6155.39000000	3388.94000000	5507.16000000	4643.07000000	4888.03000000	5849.56000000	4546.71000000	6905.26000000	4335.05000000	7527.03000000	3869.39000000	8233.48000000	2115.17000000	11315.89000000	1422.00000000	12687.75000000	2326.87000000	12216.78000000	3094.16000000	11968.06000000	4623.46000000	11333.06000000	6322.09000000	10698.06000000	6988.84000000	10444.07000000	7338.09000000	10343.53000000	8163.61000000	9581.53000000	8655.74000000	9195.22000000	9269.55000000	8957.10000000	9788.14000000	8851.26000000	10163.86000000	8803.66000000	10222.05000000	8528.48000000	
607.14000000	1501.14000000	1554.36000000	2437.76000000	2501.55000000	3252.67000000	3078.36000000	3728.92000000	3565.20000000	4136.39000000	3946.20000000	4549.14000000	4888.03000000	5849.56000000	
1303.12000000	170.37000000	1303.12000000	170.37000000	1575.57000000	845.01000000	1771.35000000	2781.76000000	1977.73000000	3400.88000000	2051.82000000	4231.69000000	2480.42000000	6612.94000000	2606.10000000	7164.60000000	
4546.71000000	6905.26000000	4104.95000000	6889.41000000	3653.85000000	6968.79000000	3205.36000000	7033.61000000	2710.59000000	7126.22000000	2606.10000000	7164.60000000	2267.41000000	7250.58000000	1289.79000000	8229.52000000	354.54000000	8556.29000000	230.59000000	8599.58000000	230.59000000	8599.58000000	
354.54000000	8556.29000000	952.48000000	9122.50000000	1158.83000000	9376.50000000	1740.92000000	10530.09000000	2115.17000000	11315.89000000	
3855.69000000	12606.92000000	3855.69000000	12606.92000000	2910.39000000	11175.69000000	2169.55000000	9936.09000000	1545.14000000	8757.38000000	1289.79000000	8229.52000000	
678.94000000	219.04000000	678.94000000	219.04000000	607.14000000	1501.14000000	883.70000000	2730.17000000	867.82000000	4418.20000000	841.38000000	5116.70000000	1068.92000000	5598.26000000	1344.07000000	6090.36000000	1555.76000000	6373.29000000	2267.41000000	7250.58000000	
1068.92000000	5598.26000000	1444.71000000	5553.96000000	1788.70000000	5952.18000000	1555.76000000	6373.29000000	
5271.27000000	12516.17000000	5271.27000000	12516.17000000	4879.09000000	11450.23000000	4730.91000000	10640.58000000	4879.09000000	8941.96000000	4873.78000000	8767.34000000	4619.78000000	8412.80000000	3869.39000000	8233.48000000	
12778.44000000	11887.49000000	12778.44000000	11887.49000000	11550.29000000	11156.20000000	
10867.69000000	10775.20000000	10073.92000000	9780.36000000	8999.70000000	9626.90000000	8057.80000000	9134.80000000	6099.89000000	8303.99000000	4681.71000000	7642.52000000	4335.05000000	7527.03000000	
12803.05000000	7888.94000000	12803.05000000	7888.94000000	11642.95000000	8025.50000000	11648.23000000	8517.63000000	10621.64000000	8528.22000000	10222.05000000	8528.48000000	9970.77000000	8427.69000000	9838.46000000	7527.03000000	9626.80000000	6877.22000000	9483.93000000	6602.04000000	9208.77000000	6173.44000000	9065.90000000	5474.92000000	
10621.64000000	8528.22000000	10611.05000000	8864.26000000	10071.30000000	9335.20000000	10073.92000000	9780.36000000	
11145.49000000	7885.32000000	10867.69000000	8176.36000000	10621.64000000	8057.28000000	10658.68000000	7417.00000000	10394.09000000	6641.76000000	10820.07000000	6554.46000000	11089.94000000	6281.95000000	10722.18000000	5961.78000000	10222.05000000	5805.67000000	10222.05000000	5281.80000000	
10658.68000000	7417.00000000	11410.08000000	7488.45000000	11642.95000000	8025.50000000	
9065.90000000	5474.92000000	10222.05000000	5281.80000000	12370.01000000	4962.82000000	12627.07000000	4924.65000000	
5507.16000000	4643.07000000	6050.94000000	4784.42000000	6532.48000000	4940.53000000	7021.98000000	5134.99000000	7621.27000000	5390.31000000	8125.28000000	4866.43000000	8318.45000000	4776.49000000	8683.57000000	4997.42000000	9065.90000000	5474.92000000	
6568.11000000	3981.60000000	6818.28000000	3477.38000000	6950.56000000	2529.05000000	6691.28000000	2170.35000000	6695.14000000	1576.53000000	
