775.54000000	470.14000000	982.98000000	428.27000000	1086.08000000	392.66000000	1223.54000000	391.41000000	1365.76000000	322.98000000	
1085.46000000	204.58000000	1084.04000000	209.26000000	1056.72000000	299.56000000	1086.08000000	392.66000000	
187.73000000	291.45000000	295.38000000	384.07000000	363.48000000	440.30000000	420.97000000	488.41000000	465.96000000	537.15000000	577.16000000	690.70000000	
203.39000000	271.40000000	209.16000000	328.46000000	233.52000000	401.57000000	242.27000000	499.66000000	292.88000000	780.84000000	307.72000000	845.97000000	
536.86000000	815.35000000	484.70000000	813.48000000	431.44000000	822.85000000	378.48000000	830.51000000	320.06000000	841.44000000	307.72000000	845.97000000	267.73000000	856.13000000	152.29000000	971.72000000	 65.88000000	1001.91000000	
 86.18000000	1052.27000000	112.47000000	1077.16000000	136.83000000	1107.15000000	204.64000000	1241.53000000	
395.97000000	1398.81000000	343.65000000	1319.59000000	256.17000000	1173.22000000	182.45000000	1034.04000000	152.29000000	971.72000000	
103.42000000	421.16000000	102.47000000	521.69000000	 99.35000000	604.16000000	126.21000000	661.03000000	158.70000000	719.13000000	183.70000000	752.54000000	267.73000000	856.13000000	
126.21000000	661.03000000	170.59000000	655.79000000	211.20000000	702.82000000	183.70000000	752.54000000	
622.42000000	1477.87000000	622.42000000	1477.87000000	576.11000000	1352.01000000	558.61000000	1256.41000000	576.11000000	1055.84000000	575.48000000	1035.22000000	545.49000000	993.36000000	456.89000000	972.18000000	
1283.22000000	1272.30000000	1189.50000000	1154.83000000	1062.66000000	1136.71000000	951.44000000	1078.61000000	720.26000000	980.51000000	552.80000000	902.41000000	511.87000000	888.77000000	
1254.17000000	1006.99000000	1252.92000000	1046.66000000	1189.19000000	1102.27000000	1189.50000000	1154.83000000	
1316.03000000	931.07000000	1283.22000000	965.44000000	1254.17000000	951.38000000	1258.54000000	875.78000000	1227.30000000	784.24000000	1277.60000000	773.93000000	1309.47000000	741.75000000	1266.04000000	703.95000000	1206.99000000	685.52000000	1206.99000000	623.66000000	
1258.54000000	875.78000000	1347.27000000	884.21000000	1374.76000000	947.63000000	
1070.47000000	646.46000000	1206.99000000	623.66000000	1460.61000000	585.99000000	1485.88000000	582.24000000	
650.27000000	548.24000000	714.48000000	564.93000000	771.34000000	583.36000000	829.13000000	606.32000000	899.90000000	636.47000000	959.41000000	574.61000000	982.22000000	563.99000000	1025.33000000	590.08000000	1070.47000000	646.46000000	
775.54000000	470.14000000	805.08000000	410.60000000	820.70000000	298.62000000	790.09000000	256.27000000	790.54000000	186.15000000	
