4020.03000000	3033.98000000	4711.70000000	2894.40000000	5055.45000000	2775.65000000	5513.78000000	2771.48000000	6176.29000000	2452.73000000	6405.45000000	2404.81000000	
5053.37000000	2148.56000000	4957.54000000	2465.23000000	5055.45000000	2775.65000000	
4326.30000000	1489.58000000	4070.04000000	2087.10000000	3906.50000000	2404.81000000	3872.13000000	2685.02000000	3857.54000000	2800.65000000	3602.33000000	3294.40000000	3358.58000000	3769.40000000	3224.20000000	4185.03000000	3140.87000000	4429.82000000	2957.54000000	4707.95000000	2266.90000000	5921.50000000	1994.00000000	6461.60000000	2350.25000000	6276.18000000	2652.33000000	6178.26000000	3254.42000000	5928.26000000	3923.17000000	5678.26000000	4185.67000000	5578.26000000	4323.17000000	5538.68000000	4648.18000000	5238.68000000	4841.93000000	5086.59000000	5083.59000000	4992.84000000	5287.76000000	4951.17000000	5435.68000000	4932.43000000	5458.59000000	4824.09000000	
1673.19000000	2057.42000000	2046.11000000	2426.17000000	2419.02000000	2747.00000000	2646.11000000	2934.50000000	2837.78000000	3094.92000000	2987.78000000	3257.42000000	3358.58000000	3769.40000000	
1929.46000000	1489.58000000	2054.46000000	1799.10000000	2131.54000000	2561.60000000	2212.79000000	2805.35000000	2241.96000000	3132.44000000	2410.70000000	4069.94000000	2460.18000000	4287.13000000	
3224.20000000	4185.03000000	3050.28000000	4178.79000000	2872.68000000	4210.04000000	2696.11000000	4235.56000000	2501.32000000	4272.02000000	2460.18000000	4287.13000000	2326.84000000	4320.98000000	1941.95000000	4706.39000000	1573.74000000	4835.04000000	1519.57000000	4853.79000000	
1573.74000000	4835.04000000	1809.15000000	5057.96000000	1890.39000000	5157.96000000	2119.56000000	5612.13000000	2266.90000000	5921.50000000	
2992.48000000	6490.85000000	2579.98000000	5866.30000000	2288.31000000	5378.27000000	2042.48000000	4914.21000000	1941.95000000	4706.39000000	
1702.91000000	1526.70000000	1673.19000000	2057.42000000	1782.07000000	2541.29000000	1775.82000000	3205.87000000	1765.41000000	3480.87000000	1854.99000000	3670.46000000	1963.32000000	3864.20000000	2046.66000000	3975.59000000	2326.84000000	4320.98000000	
1854.99000000	3670.46000000	2002.94000000	3653.02000000	2138.37000000	3809.80000000	2046.66000000	3975.59000000	
3517.56000000	6416.06000000	3355.06000000	5974.39000000	3296.72000000	5655.63000000	3355.06000000	4986.88000000	3352.97000000	4918.13000000	3252.97000000	4778.55000000	2957.54000000	4707.95000000	
5712.78000000	5708.63000000	5400.27000000	5316.96000000	4977.35000000	5256.54000000	4606.52000000	5062.80000000	3835.69000000	4735.71000000	3277.35000000	4475.29000000	3140.87000000	4429.82000000	
6495.85000000	4569.82000000	6018.00000000	4626.07000000	6020.08000000	4819.82000000	5615.91000000	4823.99000000	5458.59000000	4824.09000000	5359.66000000	4784.41000000	5307.57000000	4429.82000000	5224.24000000	4173.99000000	5167.99000000	4065.65000000	5059.66000000	3896.91000000	5003.41000000	3621.90000000	
5615.91000000	4823.99000000	5611.74000000	4956.29000000	5399.24000000	5141.70000000	5400.27000000	5316.96000000	
5822.15000000	4570.88000000	5712.78000000	4685.46000000	5615.91000000	4638.58000000	5630.49000000	4386.50000000	5526.32000000	4081.29000000	5694.03000000	4046.92000000	5800.28000000	3939.63000000	5655.49000000	3813.58000000	5458.59000000	3752.12000000	5458.59000000	3545.87000000	
5630.49000000	4386.50000000	5926.32000000	4414.63000000	6018.00000000	4626.07000000	
5003.41000000	3621.90000000	5458.59000000	3545.87000000	6405.45000000	3405.26000000	
3602.33000000	3294.40000000	3816.42000000	3350.05000000	4006.00000000	3411.51000000	4198.72000000	3488.07000000	4434.66000000	3588.59000000	4633.09000000	3382.34000000	4709.14000000	3346.93000000	4852.89000000	3433.91000000	5003.41000000	3621.90000000	
4020.03000000	3033.98000000	4118.52000000	2835.47000000	4170.60000000	2462.11000000	4068.52000000	2320.89000000	4070.04000000	2087.10000000	
6495.85000000	6164.88000000	5981.52000000	5858.63000000