238.30000000	320.10000000	290.40000000	337.05000000	351.96000000	336.11000000	441.66000000	341.43000000	689.79000000	331.74000000	901.99000000	324.24000000	1025.13000000	318.93000000	1104.19000000	315.80000000	1290.14000000	344.86000000	1416.42000000	340.46000000	
403.60000000	184.85000000	394.79000000	210.48000000	351.96000000	336.11000000	
394.79000000	210.48000000	525.42000000	205.33000000	626.37000000	169.70000000	
469.21000000	146.03000000	598.07000000	175.05000000	651.05000000	175.05000000	810.28000000	164.39000000	903.10000000	157.83000000	991.85000000	152.05000000	1166.73000000	144.87000000	1167.02000000	144.86000000	
605.67000000	186.98000000	612.93000000	103.61000000	628.32000000	 87.20000000	
1299.24000000	227.01000000	1263.82000000	242.54000000	1202.53000000	240.62000000	1131.35000000	277.85000000	1021.34000000	279.88000000	
991.85000000	152.05000000	1014.00000000	200.35000000	1021.34000000	279.88000000	1025.13000000	318.93000000	
117.11000000	496.37000000	131.43000000	499.30000000	251.75000000	523.68000000	525.52000000	515.70000000	757.56000000	511.95000000	1005.69000000	515.98000000	1049.62000000	516.64000000	1110.87000000	519.14000000	1533.73000000	529.69000000	
133.18000000	1225.74000000	364.27000000	1251.37000000	520.84000000	1268.25000000	561.47000000	1276.06000000	748.04000000	1309.50000000	910.55000000	1332.63000000	960.86000000	1340.44000000	1195.57000000	1352.32000000	1267.44000000	1356.69000000	1378.64000000	1389.90000000	
 35.63000000	870.07000000	173.31000000	878.82000000	354.23000000	892.18000000	389.26000000	894.76000000	586.37000000	911.35000000	642.10000000	916.04000000	754.72000000	921.78000000	838.36000000	926.04000000	
1126.96000000	1566.05000000	1139.31000000	1497.17000000	1118.21000000	1453.42000000	1153.44000000	1363.02000000	1161.88000000	1317.39000000	1165.38000000	1272.09000000	1166.88000000	1252.70000000	1171.81000000	1202.77000000	1175.94000000	1160.82000000	1163.13000000	1122.07000000	1153.44000000	1092.38000000	1123.75000000	1003.94000000	1097.19000000	876.74000000	1092.19000000	852.99000000	1091.87000000	825.49000000	1086.24000000	579.07000000	1110.87000000	519.14000000	
1042.44000000	1597.08000000	1043.97000000	1497.32000000	1044.08000000	1497.32000000	1064.78000000	1461.97000000	1118.21000000	1453.42000000	
672.79000000	1615.78000000	664.73000000	1591.19000000	713.48000000	1525.56000000	725.98000000	1408.99000000	726.61000000	1220.85000000	792.55000000	1123.04000000	812.86000000	1032.72000000	838.36000000	926.04000000	863.80000000	863.33000000	877.55000000	832.40000000	1005.69000000	515.98000000	
184.51000000	1304.22000000	260.49000000	1313.35000000	260.10000000	1396.12000000	
294.89000000	1429.20000000	314.26000000	1399.68000000	403.48000000	1371.71000000	452.71000000	1323.43000000	527.71000000	1311.86000000	561.47000000	1276.06000000	
664.73000000	1591.19000000	604.91000000	1565.94000000	580.38000000	1516.88000000	551.47000000	1459.53000000	543.81000000	1413.75000000	527.71000000	1311.86000000	
266.23000000	1401.37000000	345.05000000	1284.83000000	352.84000000	1276.06000000	355.68000000	1275.77000000	364.27000000	1251.37000000	
251.75000000	523.68000000	235.38000000	594.48000000	219.76000000	628.86000000	197.57000000	672.92000000	140.06000000	861.68000000	134.44000000	884.19000000	172.57000000	918.56000000	312.57000000	1098.57000000	517.58000000	1213.56000000	726.61000000	1220.85000000	
219.76000000	628.86000000	210.38000000	619.17000000	172.40000000	587.29000000	136.00000000	525.10000000	131.43000000	499.30000000	
504.93000000	509.17000000	430.52000000	588.86000000	423.05000000	664.49000000	358.35000000	767.93000000	354.37000000	892.00000000	
877.55000000	832.40000000	817.83000000	831.06000000	782.67000000	654.18000000	757.56000000	511.95000000	
782.67000000	654.18000000	690.16000000	648.86000000	579.85000000	616.99000000	525.78000000	572.92000000	492.97000000	505.42000000	
690.16000000	648.86000000	612.34000000	766.99000000	586.37000000	911.35000000	
754.72000000	921.78000000	675.01000000	807.86000000	726.61000000	687.54000000	
863.80000000	863.33000000	946.60000000	867.23000000	1058.95000000	875.51000000	1097.19000000	876.74000000	
812.86000000	1032.72000000	833.31000000	1140.69000000	965.82000000	1239.60000000	1012.07000000	1106.47000000	1037.70000000	957.08000000	1058.95000000	875.51000000	
946.60000000	867.23000000	963.23000000	980.90000000	1008.86000000	1086.53000000	1022.61000000	1099.34000000	1126.05000000	1137.47000000	1163.13000000	1122.07000000	
1171.81000000	1202.77000000	1399.50000000	1217.79000000	1507.83000000	1217.48000000	
1583.59000000	687.97000000	1537.63000000	691.20000000	1472.32000000	762.77000000	1450.75000000	898.72000000	1368.87000000	1000.60000000	1273.87000000	1009.66000000	1153.44000000	1092.38000000	
1091.87000000	825.49000000	1261.68000000	839.34000000	1492.94000000	619.33000000	1570.53000000	627.54000000	
1239.49000000	614.95000000	1236.99000000	763.71000000	1339.81000000	690.58000000	
646.49000000	 83.27000000	651.05000000	175.05000000
810.28000000	164.39000000	827.98000000	 63.82000000
1202.53000000	240.62000000	1196.38000000	159.76000000
903.10000000	157.83000000	901.99000000	324.24000000
1452.37000000	388.64000000	1188.98000000	428.82000000
1049.62000000	516.64000000	1086.24000000	579.07000000
467.56000000	1424.53000000	452.71000000	1323.43000000
 41.33000000	945.38000000	 79.12000000	942.31000000
965.82000000	1239.60000000	1165.38000000	1272.09000000
1479.62000000	1265.20000000	1399.50000000	1217.79000000
1599.47000000	894.37000000	1450.75000000	898.72000000