1787.11000000	2780.23000000	2378.77000000	2726.06000000	2682.94000000	2825.02000000	2888.15000000	2821.89000000	3187.11000000	2839.60000000	4014.20000000	2807.31000000	4721.50000000	2782.31000000	5131.92000000	2764.60000000	5395.46000000	2754.19000000	6015.26000000	2851.06000000	7089.22000000	2813.56000000	
3287.13000000	1789.60000000	3075.68000000	2272.93000000	3030.89000000	2403.15000000	2888.15000000	2821.89000000	
3030.89000000	2403.15000000	3466.31000000	2385.96000000	3802.78000000	2267.21000000	
3860.07000000	1789.60000000	3867.43000000	1930.25000000	3885.07000000	2285.04000000	
1856.96000000	2058.37000000	2273.63000000	2100.03000000	2815.30000000	2096.91000000	3211.22000000	2173.06000000	3708.48000000	2285.04000000	3885.07000000	2285.04000000	4415.81000000	2249.51000000	4725.19000000	2227.64000000	5021.02000000	2208.37000000	5604.89000000	2184.41000000	5698.64000000	2180.24000000	
3733.79000000	2324.82000000	3758.01000000	2046.91000000	3867.43000000	1930.25000000	
5604.89000000	2184.41000000	5593.04000000	2087.96000000	5563.87000000	1810.87000000	
5723.24000000	2503.59000000	5698.64000000	2180.24000000	5758.66000000	1794.19000000	
5982.09000000	1794.19000000	6365.42000000	1810.87000000	6607.09000000	1818.96000000	6772.72000000	2004.37000000	7090.43000000	2070.00000000	
6772.72000000	2004.37000000	6472.71000000	2223.13000000	6299.80000000	2347.09000000	6118.54000000	2426.25000000	5927.53000000	2509.98000000	5723.24000000	2503.59000000	5485.97000000	2627.69000000	5119.30000000	2634.46000000	
6139.62000000	1778.21000000	6109.41000000	1820.92000000	6142.22000000	2108.94000000	6025.04000000	2285.04000000	6118.54000000	2426.25000000	
1787.11000000	2450.60000000	2234.39000000	2131.85000000	2588.56000000	1800.60000000	
5021.02000000	2208.37000000	5094.84000000	2369.37000000	5119.30000000	2634.46000000	5131.92000000	2764.60000000	
7089.22000000	2956.95000000	6947.87000000	2937.16000000	5678.07000000	3130.91000000	
1792.13000000	3374.15000000	2066.61000000	3348.11000000	2153.07000000	3365.81000000	2554.12000000	3447.07000000	3466.63000000	3420.50000000	4240.09000000	3408.00000000	5067.13000000	3421.40000000	5213.56000000	3423.63000000	5417.73000000	3431.96000000	7089.22000000	3473.63000000	
1792.71000000	5746.57000000	2929.17000000	5872.61000000	3451.05000000	5928.86000000	3586.47000000	5954.91000000	4208.35000000	6066.36000000	4750.02000000	6143.45000000	4917.72000000	6169.49000000	5700.03000000	6209.07000000	5939.61000000	6223.66000000	6400.04000000	6361.16000000	
1786.46000000	4598.65000000	2292.66000000	4630.84000000	2895.72000000	4675.35000000	3012.46000000	4683.96000000	3669.46000000	4739.26000000	3855.22000000	4754.90000000	4230.61000000	4774.03000000	4509.39000000	4788.23000000	
6400.04000000	6361.16000000	6400.04000000	6232.00000000	6691.68000000	6275.75000000	6850.01000000	6444.50000000	7083.35000000	6469.50000000	
6850.01000000	6444.50000000	6860.43000000	6682.00000000	6845.85000000	7109.09000000	6814.59000000	7517.42000000	
6966.68000000	7517.42000000	6860.43000000	7225.75000000	6814.59000000	7144.50000000	6558.35000000	6890.33000000	6400.04000000	6361.16000000	
5777.09000000	7528.88000000	5748.97000000	7314.30000000	5460.95000000	6979.40000000	5512.51000000	6691.89000000	5442.19000000	6546.06000000	5559.62000000	6244.75000000	5587.75000000	6092.66000000	5599.42000000	5941.67000000	5604.41000000	5877.04000000	5620.83000000	5710.60000000	5634.62000000	5570.79000000	5591.91000000	5441.62000000	5559.62000000	5342.66000000	5460.65000000	5047.86000000	5372.11000000	4623.90000000	5355.44000000	4544.73000000	5354.40000000	4453.07000000	5335.64000000	3631.71000000	5417.73000000	3431.96000000	
5072.59000000	7528.88000000	5186.14000000	7254.14000000	5194.72000000	6692.39000000	5195.11000000	6692.39000000	5264.11000000	6574.56000000	5442.19000000	6546.06000000	
4799.39000000	7528.88000000	4635.84000000	7409.44000000	4489.49000000	7534.44000000	
4145.24000000	7529.24000000	4059.82000000	7424.02000000	3990.54000000	7188.09000000	4236.10000000	7269.34000000	4476.74000000	7529.24000000	
3990.54000000	7188.09000000	3930.65000000	7005.27000000	4093.15000000	6786.52000000	4134.82000000	6397.97000000	4136.91000000	5770.89000000	4356.70000000	5444.84000000	4424.41000000	5143.80000000	4509.39000000	4788.23000000	4594.20000000	4579.21000000	4640.03000000	4476.09000000	5067.13000000	3421.40000000	
1799.91000000	7264.11000000	1884.80000000	7278.69000000	2193.13000000	7337.02000000	2581.09000000	7402.77000000	3272.32000000	7529.24000000	
2195.68000000	7337.45000000	2201.01000000	7301.86000000	2321.32000000	6994.57000000	2357.78000000	6898.73000000	2552.06000000	6681.61000000	2631.22000000	6566.95000000	2762.47000000	6366.95000000	3059.87000000	6273.72000000	3223.94000000	6112.78000000	3473.94000000	6074.24000000	3586.47000000	5954.91000000	
3930.65000000	7005.27000000	3731.26000000	6921.13000000	3649.49000000	6757.58000000	3553.13000000	6566.44000000	3527.61000000	6413.83000000	3473.94000000	6074.24000000	
3649.49000000	6757.58000000	3468.24000000	6910.19000000	3145.32000000	6853.94000000	3273.44000000	6449.76000000	3527.61000000	6413.83000000	
2581.71000000	6403.16000000	2865.12000000	5984.13000000	2891.07000000	5954.91000000	2900.54000000	5953.93000000	2929.17000000	5872.61000000	
2554.12000000	3447.07000000	2499.56000000	3683.08000000	2447.48000000	3797.67000000	2373.52000000	3944.54000000	2181.85000000	4573.71000000	2163.10000000	4648.71000000	2290.19000000	4763.30000000	2756.85000000	5363.30000000	3440.19000000	5746.57000000	4136.91000000	5770.89000000	
2447.48000000	3797.67000000	2416.22000000	3765.37000000	2289.65000000	3659.12000000	2168.30000000	3451.83000000	2153.07000000	3365.81000000	
3398.00000000	3398.72000000	3150.00000000	3664.34000000	3125.08000000	3916.43000000	2909.45000000	4261.22000000	2896.17000000	4674.76000000	
4640.03000000	4476.09000000	4440.98000000	4471.64000000	4323.78000000	3882.05000000	4240.09000000	3408.00000000	
4323.78000000	3882.05000000	4015.43000000	3864.34000000	3647.72000000	3758.09000000	3467.52000000	3611.22000000	3358.14000000	3386.21000000	
4015.43000000	3864.34000000	3756.05000000	4258.09000000	3669.46000000	4739.26000000	
4230.61000000	4774.03000000	3964.94000000	4394.31000000	4136.91000000	3993.27000000	
4594.20000000	4579.21000000	4870.17000000	4592.21000000	5244.65000000	4619.81000000	5372.11000000	4623.90000000	
4424.41000000	5143.80000000	4492.56000000	5503.67000000	4934.24000000	5833.36000000	5088.41000000	5389.61000000	5173.82000000	4891.69000000	5244.65000000	4619.81000000	
4870.17000000	4592.21000000	4925.61000000	4971.07000000	5077.69000000	5323.16000000	5123.52000000	5365.87000000	5468.32000000	5492.95000000	5591.91000000	5441.62000000	
5620.83000000	5710.60000000	6379.78000000	5760.67000000	7097.49000000	5758.59000000	
7097.49000000	6117.97000000	6958.94000000	6103.39000000	6379.78000000	5760.67000000	
7032.90000000	3991.93000000	6840.19000000	4005.47000000	6622.48000000	4244.02000000	6550.61000000	4697.15000000	6277.69000000	5036.73000000	5961.02000000	5066.94000000	5559.62000000	5342.66000000	
5354.40000000	4453.07000000	5920.39000000	4499.23000000	6691.22000000	3765.89000000	7084.99000000	3807.56000000	
5846.43000000	3751.31000000	5838.10000000	4247.15000000	6180.81000000	4003.39000000	
4415.81000000	2249.51000000	4495.92000000	1794.19000000
6142.22000000	2108.94000000	6472.71000000	2223.13000000
4725.19000000	2227.64000000	4721.50000000	2782.31000000
5213.56000000	3423.63000000	5335.64000000	3631.71000000
5447.60000000	7528.88000000	5460.95000000	6979.40000000
1799.91000000	7448.49000000	1884.80000000	7278.69000000
3273.44000000	6449.76000000	3223.94000000	6112.78000000
1817.21000000	6627.87000000	1920.25000000	5999.52000000
1799.54000000	4857.03000000	1978.71000000	4842.44000000
4934.24000000	5833.36000000	5599.42000000	5941.67000000
7084.99000000	4681.52000000	6550.61000000	4697.15000000