  0.00
  1.00
  1.00
  2.00
  3.00
  4.00
  6.00
 10.00
 11.00
 13.00
 13.00
 13.00
 14.00
 14.00
 20.00
 21.00
 25.00
 28.00
 28.00
 29.00
 30.00
 30.00
 33.00
 38.00
 39.00
 44.00
 45.00
 46.00
 47.00
 47.00
 48.00
 49.00
 49.00
 49.00
 49.00
 51.00
 51.00
 58.00
 58.00
 61.00
 61.00
 63.00
 68.00
 73.00
 74.00
 79.00
 80.00
 80.00
 81.00
 82.00
 86.00
 87.00
 87.00
 88.00
 89.00
 89.00
 90.00
 90.00
 90.00
 90.00
 90.00
 90.00
 91.00
 92.00
 92.00
 92.00
 93.00
 93.00
 93.00
 93.00
 94.00
 94.00
 94.00
 94.00
 95.00
 95.00
 95.00
 95.00
 95.00
 95.00
 96.00
 96.00
 96.00
 96.00
 96.00
 96.00
 97.00
 97.00
 97.00
 97.00
 98.00
 98.00
 99.00
 99.00
 99.00
100.00
100.00
101.00
106.00
107.00
108.00
108.00
108.00
111.00
111.00
111.00
113.00
114.00
118.00
119.00
119.00
120.00
120.00
120.00
123.00
125.00
127.00
132.00
135.00
136.00
137.00
138.00
138.00
139.00
140.00
140.00
141.00
141.00
141.00
142.00
142.00
143.00
143.00
143.00
144.00
146.00
146.00
148.00
148.00
149.00
150.00
150.00
153.00
155.00
156.00
158.00
159.00
160.00
160.00
160.00
161.00
161.00
162.00
162.00
163.00
165.00
167.00
167.00
168.00
169.00
169.00
170.00
171.00
171.00
173.00
175.00
175.00
176.00
176.00
177.00
177.00
178.00
180.00
181.00
181.00
182.00
183.00
184.00
186.00
190.00
191.00
193.00
193.00
193.00
194.00
194.00
200.00
201.00
205.00
208.00
208.00
209.00
210.00
210.00
213.00
218.00
219.00
224.00
225.00
226.00
227.00
227.00
228.00
229.00
229.00
229.00
229.00
231.00
231.00
238.00
238.00
241.00
241.00
243.00
248.00
253.00
254.00
259.00
260.00
260.00
261.00
262.00
266.00
267.00
267.00
268.00
269.00
269.00
270.00
270.00
270.00
270.00
270.00
270.00
271.00
272.00
272.00
272.00
273.00
273.00
273.00
273.00
274.00
274.00
274.00
274.00
275.00
275.00
275.00
275.00
275.00
275.00
276.00
276.00
276.00
276.00
276.00
276.00
277.00
277.00
277.00
277.00
278.00
278.00
279.00
279.00
279.00
280.00
280.00
281.00
286.00
287.00
288.00
288.00
288.00
291.00
291.00
291.00
293.00
294.00
298.00
299.00
299.00
300.00
300.00
300.00
303.00
305.00
307.00
312.00
315.00
316.00
317.00
318.00
318.00
319.00
320.00
320.00
321.00
321.00
321.00
322.00
322.00
323.00
323.00
323.00
324.00
326.00
326.00
328.00
328.00
329.00
330.00
330.00
333.00
335.00
336.00
338.00
339.00
340.00
340.00
340.00
341.00
341.00
342.00
342.00
343.00
345.00
347.00
347.00
348.00
349.00
349.00
350.00
351.00
351.00
353.00
355.00
355.00
356.00
356.00
357.00
357.00
358.00
