  0.00
  0.00
  0.00
  1.00
  2.00
  2.00
  3.00
  5.00
  8.00
 17.00
 17.00
 26.00
 29.00
 44.00
 44.00
 45.00
 45.00
 49.00
 64.00
 65.00
 70.00
 71.00
 71.00
 76.00
 78.00
 79.00
 79.00
 80.00
 81.00
 82.00
 82.00
 82.00
 83.00
 89.00
 92.00
 95.00
 98.00
105.00
107.00
108.00
108.00
112.00
113.00
113.00
115.00
116.00
118.00
121.00
130.00
130.00
131.00
131.00
133.00
137.00
139.00
141.00
141.00
141.00
141.00
143.00
144.00
144.00
144.00
147.00
149.00
151.00
152.00
153.00
154.00
155.00
157.00
160.00
161.00
162.00
162.00
167.00
170.00
170.00
174.00
175.00
178.00
180.00
180.00
180.00
181.00
182.00
182.00
183.00
185.00
188.00
197.00
197.00
206.00
209.00
224.00
224.00
225.00
225.00
229.00
244.00
245.00
250.00
251.00
251.00
256.00
258.00
259.00
259.00
260.00
261.00
262.00
262.00
262.00
263.00
269.00
272.00
275.00
278.00
285.00
287.00
288.00
288.00
292.00
293.00
293.00
295.00
296.00
298.00
301.00
310.00
310.00
311.00
311.00
313.00
317.00
319.00
321.00
321.00
321.00
321.00
323.00
324.00
324.00
324.00
327.00
329.00
331.00
332.00
333.00
334.00
335.00
337.00
340.00
341.00
342.00
342.00
347.00
350.00
350.00
354.00
355.00
358.00
   NaN
   NaN
