  0.00
  0.00
  0.00
  0.00
  2.00
  2.00
  4.00
  5.00
  5.00
  6.00
  6.00
  6.00
  7.00
  7.00
  8.00
  8.00
  8.00
  8.00
 10.00
 10.00
 11.00
 12.00
 12.00
 12.00
 13.00
 13.00
 13.00
 13.00
 14.00
 14.00
 14.00
 15.00
 15.00
 15.00
 15.00
 16.00
 16.00
 16.00
 16.00
 16.00
 17.00
 18.00
 19.00
 20.00
 20.00
 20.00
 21.00
 21.00
 22.00
 22.00
 22.00
 23.00
 23.00
 24.00
 24.00
 24.00
 25.00
 25.00
 26.00
 26.00
 26.00
 28.00
 28.00
 28.00
 29.00
 30.00
 30.00
 30.00
 31.00
 32.00
 33.00
 33.00
 33.00
 34.00
 35.00
 43.00
 44.00
 45.00
 47.00
 47.00
 47.00
 48.00
 48.00
 48.00
 49.00
 50.00
 52.00
 53.00
 56.00
 56.00
 58.00
 59.00
 60.00
 61.00
 62.00
 65.00
 66.00
 69.00
 70.00
 72.00
 81.00
 86.00
 92.00
 92.00
 92.00
100.00
100.00
104.00
113.00
117.00
118.00
121.00
121.00
122.00
126.00
127.00
132.00
132.00
137.00
140.00
145.00
146.00
148.00
149.00
150.00
151.00
154.00
155.00
156.00
157.00
161.00
161.00
164.00
169.00
171.00
172.00
173.00
174.00
176.00
177.00
178.00
178.00
178.00
179.00
179.00
179.00
179.00
179.00
180.00
180.00
180.00
180.00
182.00
182.00
184.00
185.00
185.00
186.00
186.00
186.00
187.00
187.00
188.00
188.00
188.00
188.00
190.00
190.00
191.00
192.00
192.00
192.00
193.00
193.00
193.00
193.00
194.00
194.00
194.00
195.00
195.00
195.00
195.00
196.00
196.00
196.00
196.00
196.00
197.00
198.00
199.00
200.00
200.00
200.00
201.00
201.00
202.00
202.00
202.00
203.00
203.00
204.00
204.00
204.00
205.00
205.00
206.00
206.00
206.00
208.00
208.00
208.00
209.00
210.00
210.00
210.00
211.00
212.00
213.00
213.00
213.00
214.00
215.00
223.00
224.00
225.00
227.00
227.00
227.00
228.00
228.00
228.00
229.00
230.00
232.00
233.00
236.00
236.00
238.00
239.00
240.00
241.00
242.00
245.00
246.00
249.00
250.00
252.00
261.00
266.00
272.00
272.00
272.00
280.00
280.00
284.00
293.00
297.00
298.00
301.00
301.00
302.00
306.00
307.00
312.00
312.00
317.00
320.00
325.00
326.00
328.00
329.00
330.00
331.00
334.00
335.00
336.00
337.00
341.00
341.00
344.00
349.00
351.00
352.00
353.00
354.00
356.00
357.00
358.00
358.00
358.00
359.00
359.00
359.00
359.00
359.00
