  0.00
  0.00
  0.00
  1.00
  1.00
  2.00
  4.00
  4.00
  5.00
  6.00
  6.00
  6.00
  6.00
  9.00
 10.00
 10.00
 10.00
 10.00
 10.00
 13.00
 13.00
 13.00
 14.00
 15.00
 17.00
 19.00
 19.00
 19.00
 19.00
 21.00
 22.00
 22.00
 22.00
 23.00
 24.00
 24.00
 27.00
 30.00
 32.00
 33.00
 33.00
 34.00
 34.00
 37.00
 39.00
 42.00
 42.00
 43.00
 43.00
 43.00
 46.00
 46.00
 55.00
 56.00
 62.00
 66.00
 67.00
 71.00
 73.00
 81.00
 81.00
 81.00
 84.00
 85.00
 85.00
 86.00
 86.00
 86.00
 86.00
 88.00
 88.00
 88.00
 88.00
 88.00
 88.00
 88.00
 88.00
 88.00
 88.00
 89.00
 89.00
 89.00
 90.00
 90.00
 90.00
 91.00
 91.00
 91.00
 91.00
 92.00
 92.00
 92.00
 92.00
 93.00
 93.00
 93.00
 93.00
 93.00
 93.00
 93.00
 94.00
 94.00
 94.00
 94.00
 94.00
 95.00
 95.00
 95.00
 96.00
 96.00
 96.00
 97.00
 98.00
 99.00
 99.00
 99.00
100.00
101.00
101.00
102.00
103.00
106.00
107.00
108.00
110.00
113.00
119.00
121.00
127.00
129.00
130.00
132.00
133.00
136.00
142.00
145.00
150.00
150.00
153.00
153.00
154.00
154.00
155.00
157.00
161.00
162.00
162.00
162.00
168.00
168.00
169.00
169.00
170.00
170.00
171.00
171.00
172.00
172.00
174.00
175.00
176.00
177.00
179.00
179.00
180.00
180.00
180.00
181.00
181.00
182.00
184.00
184.00
185.00
186.00
186.00
186.00
186.00
189.00
190.00
190.00
190.00
190.00
190.00
193.00
193.00
193.00
194.00
195.00
197.00
199.00
199.00
199.00
199.00
201.00
202.00
202.00
202.00
203.00
204.00
204.00
207.00
210.00
212.00
213.00
213.00
214.00
214.00
217.00
219.00
222.00
222.00
223.00
223.00
223.00
226.00
226.00
235.00
236.00
242.00
246.00
247.00
251.00
253.00
261.00
261.00
261.00
264.00
265.00
265.00
266.00
266.00
266.00
266.00
268.00
268.00
268.00
268.00
268.00
268.00
268.00
268.00
268.00
268.00
269.00
269.00
269.00
270.00
270.00
270.00
271.00
271.00
271.00
271.00
272.00
272.00
272.00
272.00
273.00
273.00
273.00
273.00
273.00
273.00
273.00
274.00
274.00
274.00
274.00
274.00
275.00
275.00
275.00
276.00
276.00
276.00
277.00
278.00
279.00
279.00
279.00
280.00
281.00
281.00
282.00
283.00
286.00
287.00
288.00
290.00
293.00
299.00
301.00
307.00
309.00
310.00
312.00
313.00
316.00
322.00
325.00
330.00
330.00
333.00
333.00
334.00
334.00
335.00
337.00
341.00
342.00
342.00
342.00
348.00
348.00
349.00
349.00
350.00
350.00
351.00
351.00
352.00
352.00
354.00
355.00
356.00
357.00
359.00
359.00
