  0.00
  0.00
  1.00
  1.00
  1.00
  1.00
  2.00
  2.00
  2.00
  3.00
  3.00
  3.00
  3.00
  3.00
  4.00
  4.00
  4.00
  5.00
  5.00
  5.00
  5.00
  6.00
  7.00
  7.00
  8.00
 10.00
 10.00
 12.00
 12.00
 12.00
 14.00
 14.00
 14.00
 15.00
 16.00
 16.00
 16.00
 16.00
 17.00
 19.00
 22.00
 23.00
 23.00
 23.00
 23.00
 23.00
 24.00
 25.00
 26.00
 26.00
 26.00
 26.00
 27.00
 27.00
 27.00
 28.00
 28.00
 29.00
 30.00
 31.00
 31.00
 32.00
 34.00
 34.00
 34.00
 35.00
 36.00
 38.00
 38.00
 39.00
 41.00
 42.00
 43.00
 44.00
 45.00
 45.00
 46.00
 47.00
 49.00
 51.00
 51.00
 51.00
 53.00
 54.00
 55.00
 55.00
 56.00
 56.00
 61.00
 62.00
 64.00
 67.00
 70.00
 71.00
 73.00
 75.00
 75.00
 77.00
 78.00
 80.00
 81.00
 83.00
 85.00
 86.00
 86.00
 88.00
 90.00
 90.00
 90.00
 91.00
 91.00
 95.00
 95.00
 97.00
 97.00
 98.00
100.00
100.00
100.00
100.00
101.00
101.00
103.00
105.00
109.00
115.00
118.00
118.00
118.00
119.00
119.00
120.00
121.00
122.00
122.00
124.00
127.00
128.00
128.00
129.00
130.00
130.00
133.00
135.00
137.00
140.00
140.00
142.00
143.00
143.00
144.00
144.00
144.00
146.00
146.00
148.00
149.00
149.00
149.00
150.00
152.00
154.00
154.00
157.00
158.00
159.00
160.00
161.00
163.00
164.00
166.00
166.00
168.00
169.00
170.00
171.00
171.00
172.00
173.00
173.00
174.00
175.00
176.00
176.00
177.00
177.00
177.00
179.00
180.00
180.00
181.00
181.00
181.00
181.00
182.00
182.00
182.00
183.00
183.00
183.00
183.00
183.00
184.00
184.00
184.00
185.00
185.00
185.00
185.00
186.00
187.00
187.00
188.00
190.00
190.00
192.00
192.00
192.00
194.00
194.00
194.00
195.00
196.00
196.00
196.00
196.00
197.00
199.00
202.00
203.00
203.00
203.00
203.00
203.00
204.00
205.00
206.00
206.00
206.00
206.00
207.00
207.00
207.00
208.00
208.00
209.00
210.00
211.00
211.00
212.00
214.00
214.00
214.00
215.00
216.00
218.00
218.00
219.00
221.00
222.00
223.00
224.00
225.00
225.00
226.00
227.00
229.00
231.00
231.00
231.00
233.00
234.00
235.00
235.00
236.00
236.00
241.00
242.00
244.00
247.00
250.00
251.00
253.00
255.00
255.00
257.00
258.00
260.00
261.00
263.00
265.00
266.00
266.00
268.00
270.00
270.00
270.00
271.00
271.00
275.00
275.00
277.00
277.00
278.00
280.00
280.00
280.00
280.00
281.00
281.00
283.00
285.00
289.00
295.00
298.00
298.00
298.00
299.00
299.00
300.00
301.00
302.00
302.00
304.00
307.00
308.00
308.00
309.00
310.00
310.00
313.00
315.00
317.00
320.00
320.00
322.00
323.00
323.00
324.00
324.00
324.00
326.00
326.00
328.00
329.00
329.00
329.00
330.00
332.00
334.00
334.00
337.00
338.00
339.00
340.00
341.00
343.00
344.00
346.00
346.00
348.00
349.00
350.00
351.00
351.00
352.00
353.00
353.00
354.00
355.00
356.00
356.00
357.00
357.00
357.00
359.00
