155.44000000	1320.43000000	282.78000000	1034.48000000	314.33000000	961.12000000	366.83000000	870.51000000	406.82000000	829.89000000	439.63000000	795.20000000	479.31000000	734.27000000	552.11000000	623.66000000	620.23000000	441.19000000	635.23000000	359.32000000	653.82000000	189.97000000	645.70000000	 70.30000000	
 39.99000000	732.78000000	124.36000000	531.02000000	140.77000000	460.20000000	
162.63000000	427.00000000	226.08000000	460.09000000	281.69000000	509.77000000	397.62000000	693.50000000	479.31000000	734.27000000	
635.23000000	359.32000000	353.25000000	379.16000000	226.08000000	460.09000000	
464.92000000	1615.10000000	490.11000000	1568.39000000	493.59000000	1552.38000000	556.97000000	1261.55000000	555.72000000	1225.30000000	553.85000000	1164.69000000	551.97000000	939.09000000	646.34000000	590.38000000	671.33000000	314.79000000	713.21000000	236.68000000	746.32000000	174.81000000	754.14000000	 47.64000000	
744.03000000	1708.80000000	743.21000000	1641.50000000	739.77000000	1471.83000000	736.64000000	1252.80000000	766.02000000	1125.31000000	875.69000000	887.22000000	
713.21000000	236.68000000	748.84000000	301.36000000	755.70000000	523.20000000	755.70000000	606.32000000	755.70000000	680.68000000	736.64000000	832.54000000	666.98000000	1076.89000000	591.98000000	1229.99000000	601.36000000	1294.36000000	613.86000000	1359.35000000	663.23000000	1417.47000000	705.72000000	1398.72000000	730.09000000	1379.35000000	745.09000000	1370.60000000	755.70000000	1389.35000000	968.81000000	1426.22000000	1042.55000000	1397.47000000	1138.79000000	1323.73000000	
601.36000000	1294.36000000	653.82000000	1275.60000000	699.79000000	1249.98000000	687.92000000	1153.74000000	722.92000000	1068.75000000	865.39000000	831.45000000	901.02000000	663.18000000	941.64000000	521.94000000	961.64000000	386.34000000	1011.63000000	275.10000000	895.40000000	440.08000000	830.71000000	539.44000000	755.70000000	606.32000000	
755.70000000	523.20000000	809.63000000	466.48000000	830.71000000	340.56000000	840.88000000	286.20000000	858.14000000	215.11000000	861.58000000	100.44000000	826.59000000	 91.69000000	820.84000000	 40.18000000	
861.58000000	100.44000000	875.02000000	 66.38000000	877.87000000	 39.39000000	
190.27000000	1373.32000000	215.41000000	1352.47000000	277.90000000	1310.60000000	387.26000000	1213.74000000	464.76000000	1176.87000000	
406.82000000	829.89000000	414.76000000	978.77000000	456.63000000	1078.13000000	553.85000000	1164.69000000	
923.45000000	1718.36000000	1138.79000000	1323.73000000	1223.41000000	1179.37000000	1236.54000000	1145.62000000	1245.29000000	1112.50000000	1288.72000000	962.83000000	1364.02000000	722.86000000	1390.90000000	474.14000000	1448.39000000	345.41000000	1463.94000000	289.42000000	
1231.54000000	1178.43000000	1227.17000000	895.96000000	1226.54000000	747.86000000	1237.17000000	666.62000000	1298.41000000	507.89000000	1396.82000000	227.26000000	
1052.78000000	 59.17000000	983.44000000	124.50000000	936.26000000	168.87000000	858.14000000	215.11000000	
1345.82000000	191.81000000	1297.78000000	375.72000000	1264.03000000	616.94000000	1364.02000000	722.86000000	
865.39000000	831.45000000	895.02000000	815.66000000	1011.63000000	737.55000000	1112.80000000	646.94000000	1207.79000000	615.38000000	1284.66000000	603.19000000	
1015.66000000	1707.48000000	1309.97000000	1268.11000000	1414.33000000	1178.43000000	1544.94000000	1057.51000000	1592.43000000	861.91000000	1657.19000000	588.38000000	
1014.34000000	1707.05000000	1156.86000000	1463.71000000	1318.25000000	1122.19000000	1411.21000000	842.54000000	1535.57000000	918.15000000	1673.68000000	923.78000000	1707.45000000	924.68000000	
1411.21000000	842.54000000	1417.76000000	819.26000000	1427.29000000	792.78000000	1451.19000000	613.81000000	
1413.27000000	1516.90000000	1309.02000000	1294.36000000	1275.28000000	1178.43000000	1245.29000000	1112.50000000	
1414.33000000	1178.43000000	1375.89000000	1328.72000000	1361.84000000	1381.84000000	1347.14000000	1418.09000000	1254.65000000	1607.44000000	1244.59000000	1628.46000000	
1684.52000000	1070.48000000	1664.92000000	1015.01000000	1673.68000000	923.78000000	
912.51000000	962.52000000	983.28000000	1080.63000000	1037.65000000	1242.48000000	1033.90000000	1341.22000000	1042.55000000	1397.47000000	
1237.62000000	1172.50000000	1219.18000000	1144.69000000	1160.44000000	1023.45000000	1121.70000000	967.52000000	1145.13000000	863.16000000	
1121.70000000	967.52000000	1097.64000000	953.15000000	1062.02000000	930.97000000	
493.59000000	1552.38000000	549.57000000	1554.02000000	644.56000000	1569.96000000	681.12000000	1597.14000000	743.21000000	1641.50000000	
681.12000000	1597.14000000	708.93000000	1521.52000000	739.77000000	1471.83000000	
124.36000000	531.02000000	106.11000000	523.43000000
321.44000000	1512.61000000	336.02000000	1405.59000000
1097.64000000	953.15000000	1098.58000000	1024.39000000