4352.73000000	19012.45000000	4352.73000000	19012.45000000	6533.20000000	19242.70000000	7096.75000000	19322.04000000	7639.16000000	19491.39000000	8059.84000000	19414.65000000	8509.65000000	19274.45000000	8665.75000000	19324.71000000	9261.05000000	19512.54000000	9446.27000000	19583.99000000	9821.99000000	19597.23000000	10049.52000000	19631.62000000	10329.99000000	19660.73000000	10708.34000000	19732.15000000	10917.36000000	19822.12000000	10991.43000000	19861.79000000	11369.79000000	19896.21000000	12015.38000000	19885.62000000	12287.97000000	19896.21000000	
9848.43000000	20970.40000000	9827.71000000	20947.17000000	9216.10000000	20261.31000000	8811.27000000	19806.24000000	8665.75000000	19324.71000000	
12941.49000000	20980.99000000	12938.02000000	20976.74000000	12330.29000000	20232.20000000	12287.97000000	19896.21000000	12256.14000000	19229.44000000	12452.00000000	19036.30000000	
13333.08000000	20531.16000000	13323.04000000	20514.13000000	12452.00000000	19036.30000000	11981.04000000	18205.46000000	11293.13000000	17004.25000000	11470.39000000	16535.92000000	11764.09000000	16178.75000000	11801.13000000	15014.56000000	11581.52000000	14585.94000000	11414.85000000	14408.67000000	10671.36000000	13892.72000000	10388.25000000	13681.07000000	10086.63000000	13241.85000000	9848.50000000	12866.13000000	9787.65000000	12085.62000000	9737.38000000	11458.54000000	9684.45000000	11191.31000000	9628.90000000	10855.29000000	9568.04000000	10487.53000000	9560.09000000	10185.90000000	10435.88000000	9077.29000000	10568.58000000	8395.67000000	10568.58000000	8395.67000000	
4857.36000000	14730.87000000	4857.36000000	14730.87000000	5358.42000000	15353.25000000	5818.80000000	15969.73000000	6247.42000000	16541.23000000	6871.86000000	17282.07000000	7014.73000000	18012.32000000	7078.23000000	18382.75000000	8059.84000000	19414.65000000	
4332.32000000	17576.46000000	4332.32000000	17576.46000000	5212.93000000	17620.75000000	5951.13000000	18102.29000000	6887.76000000	18364.21000000	7078.23000000	18382.75000000	
6871.86000000	17282.07000000	6766.04000000	17390.55000000	6170.74000000	17488.45000000	6178.67000000	17488.45000000	5951.13000000	18102.29000000	
6247.42000000	16541.23000000	5951.13000000	16821.70000000	6178.67000000	17488.45000000	
4328.80000000	16850.76000000	4328.80000000	16850.76000000	4977.45000000	16848.16000000	5951.13000000	16821.70000000	
4977.45000000	16848.16000000	5204.98000000	17520.20000000	5212.93000000	17620.75000000	
7014.73000000	18012.32000000	7479.02000000	17602.19000000	8026.72000000	17068.46000000	9362.86000000	16836.23000000	9876.17000000	16897.08000000	10302.15000000	16936.76000000	10855.11000000	16971.18000000	11293.13000000	17004.25000000	
7479.02000000	17602.19000000	7844.17000000	17659.08000000	7854.76000000	17659.08000000	8365.43000000	17709.35000000	8645.87000000	17743.74000000	8881.35000000	17756.97000000	9267.66000000	17730.51000000	10013.78000000	18012.32000000	10675.25000000	18227.94000000	10762.55000000	18241.15000000	10953.05000000	18267.62000000	11151.50000000	18238.51000000	11558.96000000	18227.94000000	11981.04000000	18205.46000000	
11558.96000000	18227.94000000	11503.41000000	19064.01000000	11146.21000000	19736.06000000	11048.35000000	19947.72000000	11000.70000000	20212.31000000	10939.87000000	20447.77000000	10873.70000000	20741.47000000	10805.15000000	21049.09000000	10805.15000000	21049.09000000	
5986.84000000	8676.43000000	5574.09000000	9676.56000000	5198.40000000	10338.02000000	5305.54000000	10656.84000000	5570.79000000	11002.82000000	6586.79000000	11595.47000000	7359.36000000	12021.46000000	8007.59000000	12389.22000000	8134.59000000	12405.10000000	8510.31000000	12881.35000000	8716.68000000	13659.25000000	9118.89000000	13896.03000000	9257.80000000	14479.44000000	9630.88000000	15404.15000000	9777.71000000	15798.38000000	9812.11000000	15876.44000000	10218.25000000	16053.73000000	11470.39000000	16535.92000000	
10218.25000000	16053.73000000	10210.28000000	16628.20000000	10537.05000000	17083.29000000	10920.69000000	17574.09000000	11055.64000000	17934.90000000	11128.38000000	18131.04000000	11151.50000000	18238.51000000	
8716.68000000	13659.25000000	8593.70000000	13885.15000000	8025.50000000	14947.46000000	7538.66000000	15391.96000000	6455.14000000	15391.96000000	5323.23000000	13991.90000000	5323.23000000	13991.90000000	
5570.79000000	11002.82000000	5291.09000000	11013.10000000	4340.57000000	11017.75000000	
8134.59000000	12405.10000000	8798.80000000	11823.44000000	8816.00000000	11163.29000000	8854.37000000	10520.34000000	8854.37000000	10190.93000000	8632.81000000	9596.90000000	8822.65000000	9303.23000000	9337.91000000	8413.57000000	
11096.25000000	15910.62000000	10956.02000000	15478.04000000	11470.39000000	14598.28000000	11605.57000000	14473.93000000	13333.08000000	13766.16000000	14018.57000000	13628.56000000	
16617.75000000	16518.39000000	16617.75000000	16518.39000000	16354.86000000	16255.91000000	16047.95000000	15853.73000000	15502.90000000	14964.73000000	15767.46000000	13882.61000000	15754.25000000	13586.30000000	15701.32000000	12853.38000000	15807.16000000	11818.87000000	15476.43000000	11440.51000000	15537.29000000	10564.74000000	15251.54000000	10488.01000000	16129.94000000	9347.65000000	16430.92000000	8509.06000000	16430.92000000	8509.06000000	
16129.94000000	9347.65000000	16630.61000000	9924.34000000	16630.61000000	9924.34000000	
15537.29000000	10564.74000000	16127.96000000	10639.47000000	16380.64000000	10549.53000000	
16630.56000000	13228.59000000	16630.56000000	13228.59000000	16220.55000000	12266.03000000	16141.17000000	11678.66000000	16127.96000000	10639.47000000	
16621.47000000	12338.73000000	16621.47000000	12338.73000000	16101.47000000	12087.45000000	15807.16000000	11818.87000000	
15251.54000000	10488.01000000	14064.16000000	10835.99000000	13669.93000000	11156.13000000	13447.68000000	11351.91000000	13222.79000000	11531.85000000	12947.61000000	11672.08000000	10086.63000000	13241.85000000	
12947.61000000	11672.08000000	11848.32000000	11477.62000000	10924.90000000	11321.51000000	10385.16000000	11255.37000000	9975.07000000	11215.69000000	9684.45000000	11191.31000000	
13669.93000000	11156.13000000	13057.46000000	11094.00000000	12327.21000000	11051.66000000	11885.35000000	11019.91000000	11263.59000000	10967.00000000	10684.14000000	10932.58000000	10231.69000000	10900.83000000	9726.33000000	10855.85000000	9628.90000000	10855.29000000	
15502.90000000	14964.73000000	14562.94000000	14450.91000000	14018.57000000	13628.56000000	13599.83000000	12358.69000000	13222.79000000	11531.85000000	
13447.68000000	11351.91000000	14099.17000000	11375.10000000	14808.23000000	11431.69000000	15128.37000000	11431.69000000	15476.43000000	11440.51000000	
15755.47000000	16587.43000000	15786.59000000	16560.35000000	16162.91000000	16232.87000000	16621.32000000	15947.88000000	16621.32000000	15947.88000000	
13442.29000000	10123.04000000	13442.29000000	10123.04000000	14027.69000000	9792.96000000	14820.06000000	8569.53000000	14820.06000000	8569.53000000	
12134.29000000	8926.74000000	12134.29000000	8926.74000000	13284.99000000	8478.22000000	13284.99000000	8478.22000000	
9560.09000000	10185.90000000	8822.65000000	9303.23000000
8854.37000000	10520.34000000	9568.04000000	10487.53000000