1996.81000000	10896.62000000	2433.20000000	10942.70000000	2996.75000000	11022.04000000	3539.16000000	11191.39000000	3959.84000000	11114.65000000	4409.65000000	10974.45000000	4565.75000000	11024.71000000	5161.05000000	11212.54000000	5346.27000000	11283.99000000	5721.99000000	11297.23000000	5949.52000000	11331.62000000	6229.99000000	11360.73000000	6608.34000000	11432.15000000	6817.36000000	11522.12000000	6891.43000000	11561.79000000	7269.79000000	11596.21000000	7915.38000000	11585.62000000	8187.97000000	11596.21000000	
5748.43000000	12670.40000000	5116.10000000	11961.31000000	4711.27000000	11506.24000000	4565.75000000	11024.71000000	
8561.69000000	12338.20000000	8230.29000000	11932.20000000	8187.97000000	11596.21000000	8156.14000000	10929.44000000	8352.00000000	10736.30000000	
9141.89000000	12076.44000000	8352.00000000	10736.30000000	7881.04000000	9905.46000000	7193.13000000	8704.25000000	7370.39000000	8235.92000000	7664.09000000	7878.75000000	7701.13000000	6714.56000000	7481.52000000	6285.94000000	7314.85000000	6108.67000000	6571.36000000	5592.72000000	6288.25000000	5381.07000000	5986.63000000	4941.85000000	5748.50000000	4566.13000000	5687.65000000	3785.62000000	5637.38000000	3158.54000000	5584.45000000	2891.31000000	5528.90000000	2555.29000000	5468.04000000	2187.53000000	5460.09000000	1885.90000000	6335.88000000	777.29000000	6423.32000000	328.16000000	
750.42000000	6422.26000000	1258.42000000	7053.25000000	1718.80000000	7669.73000000	2147.42000000	8241.23000000	2771.86000000	8982.07000000	2914.73000000	9712.32000000	2978.23000000	10082.75000000	3959.84000000	11114.65000000	
854.64000000	9307.76000000	1112.93000000	9320.75000000	1851.13000000	9802.29000000	2787.76000000	10064.21000000	2978.23000000	10082.75000000	
2771.86000000	8982.07000000	2666.04000000	9090.55000000	2070.74000000	9188.45000000	2078.67000000	9188.45000000	1851.13000000	9802.29000000	
2147.42000000	8241.23000000	1851.13000000	8521.70000000	2078.67000000	9188.45000000	
533.93000000	8549.54000000	877.45000000	8548.16000000	1851.13000000	8521.70000000	
877.45000000	8548.16000000	1104.98000000	9220.20000000	1112.93000000	9320.75000000	
2914.73000000	9712.32000000	3379.02000000	9302.19000000	3926.72000000	8768.46000000	5262.86000000	8536.23000000	5776.17000000	8597.08000000	6202.15000000	8636.76000000	6755.11000000	8671.18000000	7193.13000000	8704.25000000	
3379.02000000	9302.19000000	3744.17000000	9359.08000000	3754.76000000	9359.08000000	4265.43000000	9409.35000000	4545.87000000	9443.74000000	4781.35000000	9456.97000000	5167.66000000	9430.51000000	5913.78000000	9712.32000000	6575.25000000	9927.94000000	6662.55000000	9941.15000000	6853.05000000	9967.62000000	7051.50000000	9938.51000000	7458.96000000	9927.94000000	7881.04000000	9905.46000000	
7458.96000000	9927.94000000	7403.41000000	10764.01000000	7046.21000000	11436.06000000	6948.35000000	11647.72000000	6900.70000000	11912.31000000	6839.87000000	12147.77000000	6773.70000000	12441.47000000	6703.87000000	12754.86000000	6699.63000000	12773.88000000	
1526.20000000	2735.14000000	2486.79000000	3295.47000000	3259.36000000	3721.46000000	3907.59000000	4089.22000000	4034.59000000	4105.10000000	4410.31000000	4581.35000000	4616.68000000	5359.25000000	5018.89000000	5596.03000000	5157.80000000	6179.44000000	5530.88000000	7104.15000000	5677.71000000	7498.38000000	5712.11000000	7576.44000000	6118.25000000	7753.73000000	7370.39000000	8235.92000000	
6118.25000000	7753.73000000	6110.28000000	8328.20000000	6437.05000000	8783.29000000	6820.69000000	9274.09000000	6955.64000000	9634.90000000	7028.38000000	9831.04000000	7051.50000000	9938.51000000	
4616.68000000	5359.25000000	4493.70000000	5585.15000000	3925.50000000	6647.46000000	3438.66000000	7091.96000000	2355.14000000	7091.96000000	1221.44000000	5689.68000000	
4034.59000000	4105.10000000	4698.80000000	3523.44000000	4716.00000000	2863.29000000	4754.37000000	2220.34000000	4754.37000000	1890.93000000	4532.81000000	1296.90000000	4722.65000000	1003.23000000	5021.79000000	486.72000000	
6996.25000000	7610.62000000	6856.02000000	7178.04000000	7370.39000000	6298.28000000	7505.57000000	6173.93000000	9233.08000000	5466.16000000	9918.57000000	5328.56000000	
12421.97000000	8122.76000000	12254.86000000	7955.91000000	11947.95000000	7553.73000000	11402.90000000	6664.73000000	11667.46000000	5582.61000000	11654.25000000	5286.30000000	11601.32000000	4553.38000000	11707.16000000	3518.87000000	11376.43000000	3140.51000000	11286.11000000	2757.98000000	
10814.51000000	2286.78000000	9964.16000000	2535.99000000	9569.93000000	2856.13000000	9347.68000000	3051.91000000	9122.79000000	3231.85000000	8847.61000000	3372.08000000	5986.63000000	4941.85000000	
8847.61000000	3372.08000000	7748.32000000	3177.62000000	6824.90000000	3021.51000000	6285.16000000	2955.37000000	5875.07000000	2915.69000000	5584.45000000	2891.31000000	
9569.93000000	2856.13000000	8957.46000000	2794.00000000	8227.21000000	2751.66000000	7785.35000000	2719.91000000	7163.59000000	2667.00000000	6584.14000000	2632.58000000	6131.69000000	2600.83000000	5626.33000000	2555.85000000	5528.90000000	2555.29000000	
11402.90000000	6664.73000000	10462.94000000	6150.91000000	9918.57000000	5328.56000000	9499.83000000	4058.69000000	9122.79000000	3231.85000000	
9347.68000000	3051.91000000	9999.17000000	3075.10000000	10708.23000000	3131.69000000	11028.37000000	3131.69000000	11376.43000000	3140.51000000	
11655.47000000	8287.43000000	12062.91000000	7932.87000000	12527.36000000	7644.13000000	12535.30000000	7639.20000000	
5460.09000000	1885.90000000	4722.65000000	1003.23000000
4754.37000000	2220.34000000	5468.04000000	2187.53000000
12001.47000000	3787.45000000	11707.16000000	3518.87000000
9327.08000000	1831.62000000	9927.69000000	1492.96000000