1349.68000000	6165.17000000	2237.57000000	6258.93000000	2459.44000000	6290.17000000	2672.99000000	6356.84000000	2838.61000000	6326.63000000	3015.70000000	6271.43000000	3077.16000000	6291.22000000	3311.53000000	6365.17000000	3384.45000000	6393.30000000	3532.37000000	6398.51000000	3621.95000000	6412.05000000	3732.37000000	6423.51000000	3881.33000000	6451.63000000	3963.62000000	6487.05000000	3992.78000000	6502.67000000	4141.74000000	6516.22000000	4395.91000000	6512.05000000	4503.23000000	6516.22000000	
3542.78000000	6939.13000000	3293.83000000	6659.96000000	3134.45000000	6480.80000000	3077.16000000	6291.22000000	
4760.52000000	6943.30000000	4519.89000000	6648.50000000	4503.23000000	6516.22000000	4490.70000000	6253.71000000	4567.81000000	6177.67000000	
4914.69000000	6766.20000000	4567.81000000	6177.67000000	4382.39000000	5850.57000000	4111.56000000	5377.65000000	4181.35000000	5193.27000000	4296.98000000	5052.65000000	4311.56000000	4594.31000000	4225.10000000	4425.56000000	4159.48000000	4355.77000000	3866.77000000	4152.64000000	3755.31000000	4069.31000000	3636.56000000	3896.39000000	3542.81000000	3748.47000000	3518.85000000	3441.18000000	3499.06000000	3194.30000000	3478.22000000	3089.09000000	3456.35000000	2956.80000000	3432.39000000	2812.01000000	3429.26000000	2693.26000000	3774.06000000	2256.80000000	3828.22000000	1978.59000000	
1575.06000000	4479.23000000	1775.06000000	4727.65000000	1956.31000000	4970.36000000	2125.06000000	5195.36000000	2370.90000000	5487.03000000	2427.15000000	5774.53000000	2452.15000000	5920.37000000	2838.61000000	6326.63000000	
1365.70000000	5602.66000000	1717.78000000	5620.37000000	2008.41000000	5809.95000000	2377.16000000	5913.07000000	2452.15000000	5920.37000000	
2370.90000000	5487.03000000	2329.24000000	5529.74000000	2094.87000000	5568.28000000	2097.99000000	5568.28000000	2008.41000000	5809.95000000	
2125.06000000	5195.36000000	2008.41000000	5305.78000000	2097.99000000	5568.28000000	
1365.70000000	5317.24000000	1625.07000000	5316.20000000	2008.41000000	5305.78000000	
1625.07000000	5316.20000000	1714.65000000	5580.78000000	1717.78000000	5620.37000000	
2427.15000000	5774.53000000	2609.94000000	5613.06000000	2825.57000000	5402.93000000	3351.61000000	5311.50000000	3553.70000000	5335.46000000	3721.41000000	5351.08000000	3939.11000000	5364.63000000	4111.56000000	5377.65000000	
2609.94000000	5613.06000000	2753.70000000	5635.46000000	2757.87000000	5635.46000000	2958.92000000	5655.25000000	3069.33000000	5668.79000000	3162.04000000	5674.00000000	3314.13000000	5663.58000000	3607.88000000	5774.53000000	3868.30000000	5859.42000000	3902.67000000	5864.62000000	3977.67000000	5875.04000000	4055.80000000	5863.58000000	4216.22000000	5859.42000000	4382.39000000	5850.57000000	
4216.22000000	5859.42000000	4194.35000000	6188.58000000	4053.72000000	6453.17000000	4015.19000000	6536.50000000	3996.43000000	6640.67000000	3972.48000000	6733.37000000	3946.43000000	6849.00000000	3917.27000000	6979.87000000	
2022.47000000	2098.98000000	1859.97000000	2492.73000000	1712.06000000	2753.15000000	1754.24000000	2878.67000000	1858.67000000	3014.88000000	2258.67000000	3248.21000000	2562.83000000	3415.92000000	2818.04000000	3560.71000000	2868.04000000	3566.96000000	3015.96000000	3754.46000000	3097.21000000	4060.72000000	3255.56000000	4153.94000000	3310.25000000	4383.63000000	3457.13000000	4747.69000000	3514.94000000	4902.90000000	3528.48000000	4933.63000000	3688.38000000	5003.43000000	4181.35000000	5193.27000000	
3688.38000000	5003.43000000	3685.24000000	5229.60000000	3813.89000000	5408.77000000	3964.93000000	5602.00000000	4018.06000000	5744.05000000	4046.70000000	5821.27000000	4055.80000000	5863.58000000	
3097.21000000	4060.72000000	3048.79000000	4149.66000000	2825.09000000	4567.89000000	2633.42000000	4742.89000000	2206.84000000	4742.89000000	1760.50000000	4190.81000000	
1858.67000000	3014.88000000	1748.55000000	3018.93000000	1374.33000000	3020.76000000	
2868.04000000	3566.96000000	3129.54000000	3337.96000000	3136.31000000	3078.06000000	3151.42000000	2824.93000000	3151.42000000	2695.24000000	3064.19000000	2461.37000000	3138.93000000	2345.75000000	3341.79000000	1995.49000000	
4034.05000000	4947.09000000	3978.84000000	4776.78000000	4181.35000000	4430.42000000	4234.57000000	4381.46000000	4914.69000000	4102.81000000	5184.57000000	4048.64000000	
6214.78000000	5193.27000000	6104.37000000	5083.03000000	5983.54000000	4924.69000000	5768.95000000	4574.69000000	5873.11000000	4148.66000000	5867.91000000	4032.00000000	5847.07000000	3743.45000000	5888.74000000	3336.16000000	5758.53000000	3187.20000000	5782.49000000	2842.41000000	5669.99000000	2812.20000000	6015.82000000	2363.24000000	6137.70000000	2023.65000000	
5782.49000000	2842.41000000	6015.04000000	2871.83000000	6114.52000000	2836.42000000	
6214.78000000	3895.55000000	6051.49000000	3512.21000000	6020.24000000	3280.96000000	6015.04000000	2871.83000000	
6214.78000000	3543.46000000	6004.61000000	3441.90000000	5888.74000000	3336.16000000	
5669.99000000	2812.20000000	5202.52000000	2949.20000000	5047.31000000	3075.24000000	4959.81000000	3152.32000000	4871.27000000	3223.16000000	4762.93000000	3278.37000000	3636.56000000	3896.39000000	
4762.93000000	3278.37000000	4330.14000000	3201.81000000	3966.59000000	3140.35000000	3754.09000000	3114.31000000	3592.64000000	3098.69000000	3478.22000000	3089.09000000	
5047.31000000	3075.24000000	4806.18000000	3050.78000000	4518.68000000	3034.11000000	4344.72000000	3021.61000000	4099.93000000	3000.78000000	3871.80000000	2987.23000000	3693.67000000	2974.73000000	3494.71000000	2957.02000000	3456.35000000	2956.80000000	
5768.95000000	4574.69000000	5398.89000000	4372.40000000	5184.57000000	4048.64000000	5019.71000000	3548.69000000	4871.27000000	3223.16000000	
4959.81000000	3152.32000000	5216.30000000	3161.45000000	5495.46000000	3183.73000000	5621.50000000	3183.73000000	5758.53000000	3187.20000000	
5868.39000000	5213.55000000	6028.80000000	5073.96000000	6214.78000000	4958.34000000	
4951.70000000	2671.89000000	5188.16000000	2538.56000000	5507.95000000	2044.80000000	
3429.26000000	2693.26000000	3138.93000000	2345.75000000
3151.42000000	2824.93000000	3432.39000000	2812.01000000
6015.82000000	2363.24000000	6214.78000000	2592.41000000
4425.66000000	2204.18000000	4914.69000000	2013.56000000